# Pd,Pt,Ru
0.3307,0.3386,0.3307
0.3299,0.3403,0.3298
0.3316,0.3368,0.3316
0.3281,0.3386,0.3333
0.3263,0.3395,0.3342
0.3254,0.3413,0.3333
0.3244,0.3405,0.3351
0.3208,0.3423,0.3369
0.3225,0.3387,0.3388
0.3206,0.3397,0.3397
0.3224,0.3388,0.3388
0.3233,0.3370,0.3397
0.3214,0.3379,0.3407
0.3232,0.3398,0.3370
0.3222,0.3389,0.3389
0.3204,0.3398,0.3398
0.3221,0.3390,0.3389
0.3230,0.3371,0.3399
0.3239,0.3352,0.3409
0.3249,0.3361,0.3390
0.3277,0.3361,0.3362
0.3258,0.3371,0.3371
0.3248,0.3390,0.3362
0.3238,0.3381,0.3381
0.3228,0.3400,0.3372
0.3247,0.3391,0.3362
0.3236,0.3382,0.3382
0.3226,0.3372,0.3402
0.3235,0.3353,0.3412
0.3245,0.3333,0.3422
0.3264,0.3353,0.3383
0.3254,0.3343,0.3403
0.3264,0.3353,0.3383
0.3264,0.3353,0.3383
0.3264,0.3353,0.3383
0.3284,0.3343,0.3373
0.3294,0.3353,0.3353
0.3303,0.3364,0.3333
0.3273,0.3394,0.3333
0.3283,0.3404,0.3313
0.3293,0.3384,0.3323
0.3313,0.3404,0.3283
0.3293,0.3414,0.3293
0.3272,0.3425,0.3303
0.3292,0.3416,0.3292
0.3313,0.3405,0.3282
0.3292,0.3416,0.3292
0.3302,0.3427,0.3271
0.3302,0.3427,0.3271
0.3323,0.3386,0.3291
0.3333,0.3396,0.3271
0.3271,0.3459,0.3270
0.3260,0.3449,0.3291
0.3259,0.3418,0.3323
0.3237,0.3430,0.3333
0.3226,0.3419,0.3355
0.3236,0.3431,0.3333
0.3236,0.3431,0.3333
0.3236,0.3431,0.3333
0.3236,0.3431,0.3333
0.3236,0.3463,0.3301
0.3236,0.3463,0.3301
0.3203,0.3464,0.3333
0.3203,0.3464,0.3333
0.3191,0.3487,0.3322
0.3201,0.3499,0.3300
0.3212,0.3510,0.3278
0.3245,0.3510,0.3245
0.3289,0.3455,0.3256
0.3322,0.3422,0.3256
0.3345,0.3411,0.3244
0.3356,0.3423,0.3221
0.3333,0.3435,0.3232
0.3300,0.3467,0.3233
0.3300,0.3467,0.3233
0.3322,0.3423,0.3255
0.3345,0.3446,0.3209
0.3333,0.3436,0.3231
0.3345,0.3413,0.3242
0.3345,0.3413,0.3242
0.3345,0.3413,0.3242
0.3345,0.3413,0.3242
0.3368,0.3402,0.3230
0.3368,0.3402,0.3230
0.3379,0.3379,0.3242
0.3391,0.3356,0.3253
0.3414,0.3345,0.3241
0.3414,0.3345,0.3241
0.3461,0.3322,0.3217
0.3474,0.3333,0.3193
0.3474,0.3368,0.3158
0.3486,0.3345,0.3169
0.3486,0.3345,0.3169
0.3498,0.3322,0.3180
0.3511,0.3298,0.3191
0.3500,0.3321,0.3179
0.3464,0.3357,0.3179
0.3464,0.3357,0.3179
0.3417,0.3381,0.3202
0.3417,0.3381,0.3202
0.3417,0.3381,0.3202
0.3417,0.3381,0.3202
0.3393,0.3394,0.3213
0.3418,0.3382,0.3200
0.3467,0.3321,0.3212
0.3419,0.3346,0.3235
0.3395,0.3358,0.3247
0.3395,0.3358,0.3247
0.3395,0.3358,0.3247
0.3395,0.3395,0.3210
0.3408,0.3407,0.3185
0.3420,0.3383,0.3197
0.3420,0.3383,0.3197
0.3420,0.3346,0.3234
0.3433,0.3321,0.3246
0.3446,0.3333,0.3221
0.3434,0.3321,0.3245
0.3421,0.3308,0.3271
0.3421,0.3346,0.3233
0.3359,0.3359,0.3282
0.3346,0.3385,0.3269
0.3333,0.3412,0.3255
0.3360,0.3360,0.3280
0.3387,0.3386,0.3227
0.3374,0.3373,0.3253
0.3414,0.3333,0.3253
0.3429,0.3347,0.3224
0.3429,0.3347,0.3224
0.3428,0.3388,0.3184
0.3546,0.3386,0.3068
0.3560,0.3400,0.3040
0.3534,0.3414,0.3052
0.3548,0.3428,0.3024
0.3486,0.3485,0.3029
0.3530,0.3529,0.2941
0.3586,0.3460,0.2954
0.3586,0.3460,0.2954
0.3617,0.3489,0.2894
0.3590,0.3547,0.2863
0.3621,0.3577,0.2802
0.3636,0.3593,0.2771
0.3636,0.3593,0.2771
0.3609,0.3609,0.2782
0.3581,0.3668,0.2751
0.3565,0.3652,0.2783
0.3581,0.3668,0.2751
0.3612,0.3657,0.2731
0.3600,0.3689,0.2711
0.3632,0.3677,0.2691
0.3665,0.3710,0.2625
0.3665,0.3710,0.2625
0.3692,0.3645,0.2663
0.3672,0.3671,0.2657
0.3726,0.3627,0.2647
0.3774,0.3632,0.2594
0.3774,0.3679,0.2547
0.3773,0.3773,0.2454
0.3818,0.3773,0.2409
0.3808,0.3807,0.2385
0.3792,0.3886,0.2322
0.3798,0.3846,0.2356
0.3846,0.3894,0.2260
0.3865,0.3865,0.2270
0.3835,0.3883,0.2282
0.3769,0.3970,0.2261
0.3775,0.3980,0.2245
0.3782,0.3990,0.2228
0.3854,0.3958,0.2188
0.3834,0.3938,0.2228
0.3782,0.3990,0.2228
0.3822,0.3979,0.2199
0.3859,0.3967,0.2174
0.3757,0.4074,0.2169
0.3797,0.4064,0.2139
0.3889,0.4000,0.2111
0.3898,0.4011,0.2091
0.3864,0.4034,0.2102
0.3965,0.3964,0.2071
0.3976,0.3976,0.2048
0.4049,0.3926,0.2025
0.3975,0.3975,0.2050
0.3961,0.4091,0.1948
0.4013,0.4013,0.1974
0.4000,0.4067,0.1933
0.4027,0.4161,0.1812
0.3945,0.4218,0.1837
0.3904,0.4178,0.1918
0.3958,0.4167,0.1875
0.4028,0.4167,0.1805
0.4014,0.4296,0.1690
0.4014,0.4296,0.1690
0.4043,0.4326,0.1631
0.4143,0.4286,0.1571
0.4161,0.4233,0.1606
0.4148,0.4296,0.1556
0.4219,0.4219,0.1562
0.4297,0.4298,0.1405
0.4407,0.4322,0.1271
0.4483,0.4224,0.1293
0.4435,0.4348,0.1217
0.4397,0.4310,0.1293
0.4386,0.4386,0.1228
0.4435,0.4348,0.1217
0.4474,0.4386,0.1140
0.4464,0.4464,0.1072
0.4464,0.4464,0.1072
0.4404,0.4587,0.1009
0.4444,0.4630,0.0926
0.4486,0.4673,0.0841
0.4528,0.4717,0.0755
0.4528,0.4811,0.0661
0.4571,0.4857,0.0572
0.4571,0.4857,0.0572
0.4711,0.4808,0.0481
0.4855,0.4757,0.0388
0.4902,0.4804,0.0294
0.4851,0.4951,0.0198
0.4804,0.5000,0.0196
0.4851,0.5050,0.0099
0.4952,0.4951,0.0097
0.4950,0.5050,0.0000
0.4851,0.5149,0.0000
0.4851,0.5149,0.0000
0.4902,0.5098,0.0000
0.4950,0.5050,0.0000
0.4904,0.5000,0.0096
0.4951,0.5049,0.0000
0.4953,0.4952,0.0095
0.4902,0.5098,0.0000
0.4902,0.5098,0.0000
0.4902,0.5098,0.0000
0.4902,0.5098,0.0000
0.4902,0.5098,0.0000
0.4851,0.5149,0.0000
0.4902,0.5098,0.0000
0.4951,0.5049,0.0000
0.5000,0.5000,0.0000
0.5000,0.5000,0.0000
0.5049,0.4951,0.0000
0.5098,0.4902,0.0000
0.5146,0.4854,0.0000
0.5192,0.4808,0.0000
0.5196,0.4804,0.0000
0.5243,0.4757,0.0000
