# Pd,Pt,Ru
0.3411,0.3073,0.3516
0.3377,0.3089,0.3534
0.3368,0.3079,0.3553
0.3360,0.3069,0.3571
0.3351,0.3085,0.3564
0.3342,0.3075,0.3583
0.3333,0.3065,0.3602
0.3315,0.3073,0.3612
0.3306,0.3090,0.3604
0.3324,0.3079,0.3597
0.3315,0.3069,0.3616
0.3333,0.3058,0.3609
0.3352,0.3075,0.3573
0.3315,0.3092,0.3593
0.3333,0.3109,0.3558
0.3352,0.3099,0.3549
0.3371,0.3060,0.3569
0.3381,0.3068,0.3551
0.3409,0.3040,0.3551
0.3428,0.3029,0.3543
0.3410,0.3037,0.3553
0.3400,0.3055,0.3545
0.3381,0.3064,0.3555
0.3401,0.3052,0.3547
0.3411,0.3032,0.3557
0.3411,0.3032,0.3557
0.3402,0.3020,0.3578
0.3392,0.3009,0.3599
0.3383,0.3027,0.3590
0.3373,0.3015,0.3612
0.3363,0.3003,0.3634
0.3374,0.3012,0.3614
0.3374,0.3042,0.3584
0.3374,0.3042,0.3584
0.3394,0.3030,0.3576
0.3354,0.3049,0.3597
0.3364,0.3058,0.3578
0.3344,0.3067,0.3589
0.3364,0.3087,0.3549
0.3395,0.3086,0.3519
0.3406,0.3065,0.3529
0.3447,0.3075,0.3478
0.3447,0.3075,0.3478
0.3447,0.3075,0.3478
0.3427,0.3084,0.3489
0.3437,0.3094,0.3469
0.3448,0.3104,0.3448
0.3448,0.3104,0.3448
0.3428,0.3113,0.3459
0.3407,0.3123,0.3470
0.3407,0.3123,0.3470
0.3386,0.3133,0.3481
0.3376,0.3153,0.3471
0.3408,0.3153,0.3439
0.3418,0.3163,0.3419
0.3408,0.3151,0.3441
0.3431,0.3139,0.3430
0.3441,0.3117,0.3442
0.3463,0.3107,0.3430
0.3484,0.3097,0.3419
0.3484,0.3097,0.3419
0.3463,0.3107,0.3430
0.3441,0.3117,0.3442
0.3441,0.3117,0.3442
0.3441,0.3117,0.3442
0.3441,0.3117,0.3442
0.3441,0.3117,0.3442
0.3464,0.3105,0.3431
0.3464,0.3137,0.3399
0.3454,0.3125,0.3421
0.3466,0.3102,0.3432
0.3499,0.3102,0.3399
0.3521,0.3090,0.3389
0.3545,0.3077,0.3378
0.3535,0.3098,0.3367
0.3535,0.3098,0.3367
0.3514,0.3108,0.3378
0.3468,0.3131,0.3401
0.3435,0.3131,0.3434
0.3446,0.3142,0.3412
0.3457,0.3119,0.3424
0.3457,0.3119,0.3424
0.3447,0.3140,0.3413
0.3471,0.3127,0.3402
0.3483,0.3103,0.3414
0.3472,0.3125,0.3403
0.3472,0.3125,0.3403
0.3472,0.3090,0.3438
0.3507,0.3056,0.3437
0.3507,0.3021,0.3472
0.3519,0.3031,0.3450
0.3484,0.3032,0.3484
0.3521,0.2993,0.3486
0.3521,0.2993,0.3486
0.3544,0.2982,0.3474
0.3569,0.3003,0.3428
0.3594,0.3025,0.3381
0.3630,0.2989,0.3381
0.3607,0.3000,0.3393
0.3561,0.3022,0.3417
0.3525,0.3058,0.3417
0.3551,0.3080,0.3369
0.3564,0.3054,0.3382
0.3564,0.3054,0.3382
0.3527,0.3055,0.3418
0.3527,0.3018,0.3455
0.3527,0.3018,0.3455
0.3540,0.3029,0.3431
0.3540,0.3029,0.3431
0.3540,0.3029,0.3431
0.3576,0.2993,0.3431
0.3553,0.3004,0.3443
0.3553,0.3004,0.3443
0.3566,0.2978,0.3456
0.3613,0.2956,0.3431
0.3626,0.2931,0.3443
0.3640,0.2941,0.3419
0.3640,0.2941,0.3419
0.3640,0.2941,0.3419
0.3630,0.2926,0.3444
0.3619,0.2948,0.3433
0.3619,0.2948,0.3433
0.3619,0.2948,0.3433
0.3633,0.2996,0.3371
0.3636,0.2993,0.3371
0.3599,0.3030,0.3371
0.3574,0.3042,0.3384
0.3563,0.3027,0.3410
0.3550,0.3053,0.3397
0.3550,0.3053,0.3397
0.3536,0.3042,0.3422
0.3536,0.3042,0.3422
0.3550,0.3053,0.3397
0.3550,0.3053,0.3397
0.3563,0.3027,0.3410
0.3563,0.3027,0.3410
0.3577,0.3000,0.3423
0.3605,0.2946,0.3449
0.3619,0.2996,0.3385
0.3643,0.2985,0.3372
0.3615,0.2962,0.3423
0.3678,0.2950,0.3372
0.3654,0.3000,0.3346
0.3678,0.2989,0.3333
0.3654,0.3000,0.3346
0.3643,0.2985,0.3372
0.3682,0.2985,0.3333
0.3697,0.2918,0.3385
0.3682,0.2946,0.3372
0.3697,0.2957,0.3346
0.3686,0.2981,0.3333
0.3589,0.3024,0.3387
0.3527,0.3112,0.3361
0.3488,0.3109,0.3403
0.3532,0.3149,0.3319
0.3532,0.3106,0.3362
0.3517,0.3136,0.3347
0.3517,0.3136,0.3347
0.3559,0.3136,0.3305
0.3559,0.3136,0.3305
0.3590,0.3120,0.3290
0.3578,0.3146,0.3276
0.3565,0.3174,0.3261
0.3581,0.3188,0.3231
0.3596,0.3202,0.3202
0.3612,0.3216,0.3172
0.3672,0.3186,0.3142
0.3616,0.3214,0.3170
0.3772,0.3158,0.3070
0.3788,0.3172,0.3040
0.3822,0.3200,0.2978
0.3849,0.3186,0.2965
0.3822,0.3200,0.2978
0.3856,0.3229,0.2915
0.3846,0.3258,0.2896
0.3846,0.3258,0.2896
0.3881,0.3242,0.2877
0.3917,0.3272,0.2811
0.3871,0.3272,0.2857
0.3871,0.3318,0.2811
0.3905,0.3286,0.2809
0.3860,0.3442,0.2698
0.3814,0.3488,0.2698
0.3798,0.3462,0.2740
0.3750,0.3558,0.2692
0.3768,0.3575,0.2657
0.3756,0.3610,0.2634
0.3842,0.3547,0.2611
0.3862,0.3564,0.2574
0.3900,0.3600,0.2500
0.3900,0.3600,0.2500
0.3881,0.3582,0.2537
0.3900,0.3600,0.2500
0.3889,0.3636,0.2475
0.3807,0.3655,0.2538
0.3827,0.3673,0.2500
0.3846,0.3692,0.2462
0.3866,0.3711,0.2423
0.3797,0.3797,0.2406
0.3838,0.3730,0.2432
0.3825,0.3771,0.2404
0.3807,0.3807,0.2386
0.3873,0.3815,0.2312
0.3860,0.3801,0.2339
0.3943,0.3771,0.2286
0.4046,0.3757,0.2197
0.4070,0.3779,0.2151
0.4083,0.3846,0.2071
0.4072,0.3892,0.2036
0.4012,0.4012,0.1976
0.4061,0.4000,0.1939
0.4000,0.4061,0.1939
0.4049,0.4049,0.1902
0.4049,0.4110,0.1841
0.4100,0.4099,0.1801
0.4125,0.4125,0.1750
0.4162,0.4099,0.1739
0.4156,0.4221,0.1623
0.4161,0.4224,0.1615
0.4286,0.4161,0.1553
0.4286,0.4223,0.1491
0.4348,0.4224,0.1428
0.4410,0.4224,0.1366
0.4383,0.4259,0.1358
0.4383,0.4321,0.1296
0.4437,0.4313,0.1250
0.4465,0.4340,0.1195
0.4522,0.4268,0.1210
0.4581,0.4258,0.1161
0.4641,0.4248,0.1111
0.4569,0.4371,0.1060
0.4539,0.4474,0.0987
0.4636,0.4437,0.0927
0.4600,0.4533,0.0867
0.4662,0.4460,0.0878
0.4564,0.4497,0.0939
0.4595,0.4527,0.0878
0.4595,0.4527,0.0878
0.4662,0.4527,0.0811
0.4694,0.4558,0.0748
0.4795,0.4589,0.0616
0.4827,0.4621,0.0552
0.4762,0.4558,0.0680
0.4762,0.4626,0.0612
0.4861,0.4653,0.0486
0.4861,0.4653,0.0486
0.4963,0.4745,0.0292
0.4925,0.4776,0.0299
0.5000,0.4773,0.0227
0.4962,0.4809,0.0229
0.4924,0.4773,0.0303
0.4924,0.4773,0.0303
0.4962,0.4809,0.0229
0.4923,0.4846,0.0231
0.5039,0.4806,0.0155
0.5161,0.4839,0.0000
0.5039,0.4803,0.0158
0.5079,0.4762,0.0159
0.5161,0.4758,0.0081
0.5159,0.4682,0.0159
0.5242,0.4677,0.0081
0.5323,0.4677,0.0000
0.5360,0.4640,0.0000
0.5354,0.4646,0.0000
0.5317,0.4683,0.0000
0.5238,0.4762,0.0000
0.5200,0.4800,0.0000
0.5238,0.4762,0.0000
0.5238,0.4762,0.0000
0.5197,0.4724,0.0079
0.5197,0.4803,0.0000
0.5159,0.4841,0.0000
0.5118,0.4882,0.0000
0.5079,0.4921,0.0000
0.5039,0.4961,0.0000
0.5078,0.4922,0.0000
0.5078,0.4922,0.0000
0.5118,0.4882,0.0000
0.5118,0.4882,0.0000
0.5159,0.4841,0.0000
0.5081,0.4919,0.0000
0.5120,0.4880,0.0000
0.5120,0.4880,0.0000
0.5041,0.4959,0.0000
