# Pd,Pt,Ru
0.2786,0.3490,0.3724
0.2775,0.3482,0.3743
0.2763,0.3474,0.3763
0.2751,0.3492,0.3757
0.2759,0.3475,0.3766
0.2739,0.3484,0.3777
0.2754,0.3476,0.3770
0.2703,0.3513,0.3784
0.2717,0.3506,0.3777
0.2678,0.3524,0.3798
0.2685,0.3534,0.3781
0.2685,0.3562,0.3753
0.2700,0.3526,0.3774
0.2659,0.3546,0.3795
0.2646,0.3538,0.3816
0.2633,0.3557,0.3810
0.2612,0.3568,0.3820
0.2612,0.3568,0.3820
0.2627,0.3531,0.3842
0.2642,0.3494,0.3864
0.2621,0.3504,0.3875
0.2636,0.3496,0.3868
0.2615,0.3506,0.3879
0.2622,0.3516,0.3862
0.2601,0.3526,0.3873
0.2601,0.3555,0.3844
0.2580,0.3565,0.3855
0.2566,0.3557,0.3877
0.2551,0.3549,0.3900
0.2559,0.3529,0.3912
0.2574,0.3550,0.3876
0.2582,0.3531,0.3887
0.2559,0.3542,0.3899
0.2567,0.3522,0.3911
0.2567,0.3522,0.3911
0.2552,0.3561,0.3887
0.2552,0.3561,0.3887
0.2560,0.3571,0.3869
0.2567,0.3552,0.3881
0.2575,0.3533,0.3892
0.2590,0.3554,0.3856
0.2568,0.3565,0.3867
0.2584,0.3556,0.3860
0.2584,0.3556,0.3860
0.2569,0.3578,0.3853
0.2577,0.3589,0.3834
0.2577,0.3589,0.3834
0.2554,0.3600,0.3846
0.2546,0.3650,0.3804
0.2539,0.3622,0.3839
0.2570,0.3591,0.3839
0.2578,0.3602,0.3820
0.2578,0.3602,0.3820
0.2594,0.3625,0.3781
0.2602,0.3636,0.3762
0.2625,0.3625,0.3750
0.2633,0.3605,0.3762
0.2610,0.3616,0.3774
0.2618,0.3628,0.3754
0.2603,0.3651,0.3746
0.2603,0.3651,0.3746
0.2620,0.3610,0.3770
0.2620,0.3610,0.3770
0.2620,0.3610,0.3770
0.2628,0.3590,0.3782
0.2613,0.3581,0.3806
0.2645,0.3548,0.3807
0.2597,0.3572,0.3831
0.2606,0.3583,0.3811
0.2582,0.3595,0.3823
0.2599,0.3618,0.3783
0.2583,0.3609,0.3808
0.2567,0.3633,0.3800
0.2600,0.3633,0.3767
0.2618,0.3624,0.3758
0.2618,0.3624,0.3758
0.2618,0.3624,0.3758
0.2626,0.3603,0.3771
0.2610,0.3627,0.3763
0.2619,0.3639,0.3742
0.2619,0.3639,0.3742
0.2619,0.3639,0.3742
0.2603,0.3664,0.3733
0.2577,0.3677,0.3746
0.2595,0.3668,0.3737
0.2604,0.3646,0.3750
0.2613,0.3659,0.3728
0.2639,0.3646,0.3715
0.2588,0.3671,0.3741
0.2606,0.3697,0.3697
0.2624,0.3653,0.3723
0.2643,0.3643,0.3714
0.2652,0.3620,0.3728
0.2662,0.3597,0.3741
0.2662,0.3597,0.3741
0.2635,0.3610,0.3755
0.2635,0.3610,0.3755
0.2573,0.3659,0.3768
0.2555,0.3686,0.3759
0.2555,0.3686,0.3759
0.2573,0.3640,0.3787
0.2546,0.3653,0.3801
0.2565,0.3643,0.3792
0.2584,0.3633,0.3783
0.2594,0.3609,0.3797
0.2576,0.3636,0.3788
0.2557,0.3626,0.3817
0.2577,0.3615,0.3808
0.2577,0.3615,0.3808
0.2597,0.3566,0.3837
0.2597,0.3566,0.3837
0.2587,0.3591,0.3822
0.2587,0.3629,0.3784
0.2587,0.3629,0.3784
0.2597,0.3605,0.3798
0.2607,0.3580,0.3813
0.2607,0.3580,0.3813
0.2617,0.3594,0.3789
0.2617,0.3594,0.3789
0.2627,0.3569,0.3804
0.2627,0.3569,0.3804
0.2627,0.3569,0.3804
0.2656,0.3555,0.3789
0.2646,0.3541,0.3813
0.2677,0.3583,0.3740
0.2698,0.3532,0.3770
0.2709,0.3546,0.3745
0.2731,0.3494,0.3775
0.2720,0.3480,0.3800
0.2731,0.3494,0.3775
0.2742,0.3508,0.3750
0.2731,0.3494,0.3775
0.2753,0.3522,0.3725
0.2794,0.3522,0.3684
0.2753,0.3563,0.3684
0.2793,0.3563,0.3644
0.2764,0.3577,0.3659
0.2764,0.3618,0.3618
0.2775,0.3633,0.3592
0.2757,0.3663,0.3580
0.2798,0.3663,0.3539
0.2863,0.3651,0.3486
0.2875,0.3667,0.3458
0.2887,0.3640,0.3473
0.2887,0.3640,0.3473
0.2899,0.3656,0.3445
0.2924,0.3602,0.3474
0.2924,0.3559,0.3517
0.2966,0.3559,0.3475
0.2936,0.3575,0.3489
0.2919,0.3605,0.3476
0.2876,0.3628,0.3496
0.2974,0.3664,0.3362
0.2974,0.3621,0.3405
0.2957,0.3652,0.3391
0.2983,0.3640,0.3377
0.2983,0.3684,0.3333
0.3009,0.3672,0.3319
0.3014,0.3653,0.3333
0.2991,0.3705,0.3304
0.2995,0.3687,0.3318
0.3037,0.3645,0.3318
0.3019,0.3679,0.3302
0.3081,0.3649,0.3270
0.3110,0.3636,0.3254
0.3095,0.3619,0.3286
0.3110,0.3636,0.3254
0.3125,0.3654,0.3221
0.3107,0.3689,0.3204
0.3092,0.3768,0.3140
0.3107,0.3786,0.3107
0.3122,0.3805,0.3073
0.3153,0.3793,0.3054
0.3153,0.3793,0.3054
0.3134,0.3831,0.3035
0.3041,0.3866,0.3093
0.3021,0.3906,0.3073
0.3069,0.3862,0.3069
0.3069,0.3915,0.3016
0.3069,0.3968,0.2963
0.3102,0.3957,0.2941
0.3155,0.3957,0.2888
0.3111,0.4111,0.2778
0.3164,0.4011,0.2825
0.3103,0.4081,0.2816
0.3161,0.4080,0.2759
0.3179,0.3989,0.2832
0.3158,0.3977,0.2865
0.3275,0.3977,0.2748
0.3235,0.4000,0.2765
0.3254,0.4024,0.2722
0.3294,0.4059,0.2647
0.3333,0.4107,0.2560
0.3393,0.4048,0.2559
0.3494,0.3976,0.2530
0.3473,0.4012,0.2515
0.3454,0.4061,0.2485
0.3497,0.4110,0.2393
0.3416,0.4162,0.2422
0.3416,0.4224,0.2360
0.3416,0.4162,0.2422
0.3540,0.4100,0.2360
0.3562,0.4125,0.2313
0.3608,0.4114,0.2278
0.3677,0.4129,0.2194
0.3636,0.4156,0.2208
0.3684,0.4211,0.2105
0.3618,0.4211,0.2171
0.3709,0.4172,0.2119
0.3684,0.4211,0.2105
0.3709,0.4238,0.2053
0.3681,0.4375,0.1944
0.3688,0.4326,0.1986
0.3688,0.4326,0.1986
0.3657,0.4477,0.1866
0.3712,0.4546,0.1742
0.3769,0.4616,0.1615
0.3799,0.4651,0.1550
0.3799,0.4651,0.1550
0.3769,0.4616,0.1615
0.3876,0.4496,0.1628
0.3906,0.4531,0.1563
0.3828,0.4609,0.1563
0.3884,0.4711,0.1405
0.3898,0.4746,0.1356
0.3793,0.4741,0.1466
0.3761,0.4701,0.1538
0.3793,0.4741,0.1466
0.3879,0.4742,0.1379
0.3947,0.4825,0.1228
0.3894,0.4867,0.1239
0.3860,0.4912,0.1228
0.3860,0.5000,0.1140
0.3860,0.5088,0.1052
0.3947,0.5088,0.0965
0.4071,0.5044,0.0885
0.4107,0.5179,0.0714
0.4107,0.5179,0.0714
0.4091,0.5273,0.0636
0.4054,0.5225,0.0721
0.4129,0.5229,0.0642
0.4205,0.5234,0.0561
0.4245,0.5283,0.0472
0.4286,0.5333,0.0381
0.4272,0.5437,0.0291
0.4216,0.5588,0.0196
0.4216,0.5686,0.0098
0.4158,0.5743,0.0099
0.4200,0.5800,0.0000
0.4158,0.5842,0.0000
0.4158,0.5842,0.0000
0.4158,0.5842,0.0000
0.4158,0.5842,0.0000
0.4158,0.5842,0.0000
0.4216,0.5784,0.0000
0.4216,0.5784,0.0000
0.4216,0.5784,0.0000
0.4216,0.5784,0.0000
0.4272,0.5728,0.0000
0.4231,0.5769,0.0000
0.4272,0.5728,0.0000
0.4272,0.5728,0.0000
0.4314,0.5686,0.0000
0.4314,0.5686,0.0000
0.4272,0.5728,0.0000
0.4369,0.5631,0.0000
0.4369,0.5631,0.0000
0.4327,0.5673,0.0000
