# Pd,Pt,Ru
0.2786,0.3516,0.3698
0.2775,0.3534,0.3691
0.2790,0.3526,0.3684
0.2778,0.3545,0.3677
0.2793,0.3537,0.3670
0.2781,0.3529,0.3690
0.2784,0.3486,0.3730
0.2772,0.3478,0.3750
0.2752,0.3488,0.3760
0.2740,0.3507,0.3753
0.2727,0.3526,0.3747
0.2743,0.3490,0.3767
0.2758,0.3510,0.3732
0.2745,0.3501,0.3754
0.2725,0.3511,0.3764
0.2753,0.3511,0.3736
0.2761,0.3493,0.3746
0.2740,0.3503,0.3757
0.2719,0.3513,0.3768
0.2699,0.3523,0.3778
0.2707,0.3504,0.3789
0.2686,0.3514,0.3800
0.2665,0.3524,0.3811
0.2680,0.3516,0.3804
0.2667,0.3507,0.3826
0.2682,0.3469,0.3849
0.2682,0.3469,0.3849
0.2711,0.3440,0.3849
0.2698,0.3431,0.3871
0.2714,0.3422,0.3864
0.2722,0.3402,0.3876
0.2738,0.3393,0.3869
0.2725,0.3383,0.3892
0.2733,0.3363,0.3904
0.2733,0.3333,0.3934
0.2741,0.3343,0.3916
0.2741,0.3343,0.3916
0.2741,0.3343,0.3916
0.2749,0.3354,0.3897
0.2758,0.3333,0.3909
0.2758,0.3333,0.3909
0.2758,0.3333,0.3909
0.2758,0.3333,0.3909
0.2774,0.3323,0.3903
0.2774,0.3323,0.3903
0.2788,0.3333,0.3879
0.2788,0.3303,0.3909
0.2788,0.3333,0.3879
0.2805,0.3354,0.3841
0.2814,0.3333,0.3853
0.2831,0.3323,0.3846
0.2839,0.3272,0.3889
0.2848,0.3251,0.3901
0.2866,0.3209,0.3925
0.2857,0.3230,0.3913
0.2875,0.3219,0.3906
0.2875,0.3219,0.3906
0.2884,0.3197,0.3919
0.2853,0.3229,0.3918
0.2853,0.3197,0.3950
0.2862,0.3207,0.3931
0.2862,0.3239,0.3899
0.2853,0.3229,0.3918
0.2853,0.3229,0.3918
0.2866,0.3209,0.3925
0.2866,0.3209,0.3925
0.2884,0.3229,0.3887
0.2893,0.3239,0.3868
0.2911,0.3196,0.3893
0.2921,0.3174,0.3905
0.2952,0.3143,0.3905
0.2939,0.3131,0.3930
0.2949,0.3141,0.3910
0.2949,0.3141,0.3910
0.2958,0.3151,0.3891
0.2968,0.3129,0.3903
0.2977,0.3107,0.3916
0.2987,0.3117,0.3896
0.2997,0.3127,0.3876
0.2987,0.3117,0.3896
0.2997,0.3094,0.3909
0.3016,0.3082,0.3902
0.3026,0.3092,0.3882
0.3059,0.3092,0.3849
0.3069,0.3069,0.3862
0.3080,0.3079,0.3841
0.3059,0.3059,0.3882
0.3059,0.3092,0.3849
0.3046,0.3113,0.3841
0.3059,0.3092,0.3849
0.3059,0.3092,0.3849
0.3046,0.3080,0.3874
0.3059,0.3092,0.3849
0.3092,0.3092,0.3816
0.3102,0.3102,0.3796
0.3102,0.3102,0.3796
0.3113,0.3079,0.3808
0.3168,0.3069,0.3763
0.3123,0.3090,0.3787
0.3113,0.3079,0.3808
0.3090,0.3090,0.3820
0.3056,0.3090,0.3854
0.3056,0.3090,0.3854
0.3067,0.3100,0.3833
0.3046,0.3113,0.3841
0.3077,0.3077,0.3846
0.3054,0.3087,0.3859
0.3074,0.3108,0.3818
0.3085,0.3119,0.3796
0.3118,0.3119,0.3763
0.3085,0.3119,0.3796
0.3095,0.3129,0.3776
0.3082,0.3151,0.3767
0.3114,0.3149,0.3737
0.3090,0.3160,0.3750
0.3090,0.3160,0.3750
0.3136,0.3136,0.3728
0.3077,0.3147,0.3776
0.3077,0.3112,0.3811
0.3077,0.3112,0.3811
0.3077,0.3112,0.3811
0.3088,0.3158,0.3754
0.3088,0.3158,0.3754
0.3099,0.3169,0.3732
0.3099,0.3169,0.3732
0.3085,0.3156,0.3759
0.3085,0.3156,0.3759
0.3085,0.3192,0.3723
0.3072,0.3214,0.3714
0.3071,0.3250,0.3679
0.3094,0.3237,0.3669
0.3130,0.3201,0.3669
0.3141,0.3213,0.3646
0.3130,0.3201,0.3669
0.3141,0.3213,0.3646
0.3141,0.3213,0.3646
0.3127,0.3200,0.3673
0.3102,0.3212,0.3686
0.3077,0.3223,0.3700
0.3088,0.3235,0.3677
0.3077,0.3260,0.3663
0.3088,0.3235,0.3677
0.3114,0.3223,0.3663
0.3114,0.3260,0.3626
0.3114,0.3260,0.3626
0.3137,0.3284,0.3579
0.3111,0.3296,0.3593
0.3048,0.3309,0.3643
0.3060,0.3283,0.3657
0.3071,0.3296,0.3633
0.3097,0.3284,0.3619
0.3120,0.3233,0.3647
0.3106,0.3258,0.3636
0.3118,0.3270,0.3612
0.3118,0.3270,0.3612
0.3154,0.3231,0.3615
0.3166,0.3205,0.3629
0.3178,0.3217,0.3605
0.3217,0.3217,0.3566
0.3187,0.3227,0.3586
0.3185,0.3226,0.3589
0.3199,0.3279,0.3522
0.3184,0.3306,0.3510
0.3184,0.3306,0.3510
0.3197,0.3320,0.3483
0.3223,0.3306,0.3471
0.3223,0.3306,0.3471
0.3278,0.3278,0.3444
0.3248,0.3333,0.3419
0.3290,0.3333,0.3377
0.3304,0.3348,0.3348
0.3334,0.3333,0.3333
0.3348,0.3304,0.3348
0.3333,0.3289,0.3378
0.3348,0.3304,0.3348
0.3348,0.3304,0.3348
0.3408,0.3318,0.3274
0.3408,0.3318,0.3274
0.3453,0.3318,0.3229
0.3484,0.3348,0.3168
0.3529,0.3349,0.3122
0.3575,0.3348,0.3077
0.3607,0.3333,0.3060
0.3562,0.3379,0.3059
0.3548,0.3410,0.3042
0.3598,0.3365,0.3037
0.3598,0.3365,0.3037
0.3598,0.3365,0.3037
0.3527,0.3430,0.3043
0.3530,0.3431,0.3039
0.3579,0.3382,0.3039
0.3502,0.3452,0.3046
0.3505,0.3402,0.3093
0.3542,0.3385,0.3073
0.3598,0.3386,0.3016
0.3579,0.3368,0.3053
0.3598,0.3386,0.3016
0.3670,0.3351,0.2979
0.3743,0.3316,0.2941
0.3611,0.3445,0.2944
0.3672,0.3503,0.2825
0.3579,0.3523,0.2898
0.3563,0.3506,0.2931
0.3547,0.3488,0.2965
0.3642,0.3468,0.2890
0.3626,0.3509,0.2865
0.3647,0.3529,0.2824
0.3647,0.3588,0.2765
0.3681,0.3620,0.2699
0.3727,0.3602,0.2671
0.3798,0.3544,0.2658
0.3734,0.3608,0.2658
0.3718,0.3654,0.2628
0.3742,0.3613,0.2645
0.3742,0.3613,0.2645
0.3742,0.3613,0.2645
0.3726,0.3660,0.2614
0.3726,0.3725,0.2549
0.3775,0.3709,0.2516
0.3800,0.3733,0.2467
0.3934,0.3733,0.2333
0.3907,0.3709,0.2384
0.3960,0.3758,0.2282
0.3893,0.3758,0.2349
0.3825,0.3826,0.2349
0.3851,0.3784,0.2365
0.3878,0.3809,0.2313
0.3889,0.3819,0.2292
0.3972,0.3830,0.2198
0.3972,0.3759,0.2269
0.4029,0.3741,0.2230
0.4130,0.3696,0.2174
0.4203,0.3696,0.2101
0.4275,0.3588,0.2137
0.4351,0.3664,0.1985
0.4318,0.3712,0.1970
0.4385,0.3692,0.1923
0.4419,0.3798,0.1783
0.4385,0.3769,0.1846
0.4410,0.3858,0.1732
0.4400,0.3840,0.1760
0.4435,0.3871,0.1694
0.4530,0.3932,0.1538
0.4483,0.3965,0.1552
0.4508,0.4016,0.1476
0.4584,0.4083,0.1333
0.4622,0.4118,0.1260
0.4661,0.4153,0.1186
0.4530,0.4273,0.1197
0.4492,0.4237,0.1271
0.4492,0.4322,0.1186
0.4492,0.4322,0.1186
0.4530,0.4359,0.1111
0.4491,0.4492,0.1017
0.4530,0.4530,0.0940
0.4569,0.4569,0.0862
0.4530,0.4615,0.0855
0.4609,0.4609,0.0782
0.4741,0.4569,0.0690
0.4695,0.4609,0.0696
0.4695,0.4696,0.0609
0.4782,0.4696,0.0522
0.4869,0.4696,0.0435
0.5043,0.4609,0.0348
0.5185,0.4722,0.0093
0.5238,0.4667,0.0095
0.5340,0.4563,0.0097
0.5340,0.4563,0.0097
0.5392,0.4510,0.0098
0.5500,0.4500,0.0000
0.5500,0.4500,0.0000
0.5354,0.4646,0.0000
0.5300,0.4700,0.0000
0.5300,0.4700,0.0000
0.5294,0.4706,0.0000
0.5300,0.4700,0.0000
0.5253,0.4747,0.0000
0.5253,0.4747,0.0000
0.5253,0.4646,0.0101
0.5253,0.4646,0.0101
0.5263,0.4737,0.0000
0.5208,0.4792,0.0000
0.5312,0.4688,0.0000
0.5361,0.4639,0.0000
0.5312,0.4688,0.0000
0.5319,0.4681,0.0000
0.5319,0.4681,0.0000
0.5319,0.4681,0.0000
0.5217,0.4783,0.0000
0.5217,0.4783,0.0000
0.5326,0.4674,0.0000
0.5275,0.4725,0.0000
0.5385,0.4615,0.0000
0.5484,0.4516,0.0000
