# Pd,Pt,Ru
0.3646,0.3177,0.3177
0.3665,0.3141,0.3194
0.3658,0.3132,0.3210
0.3651,0.3148,0.3201
0.3634,0.3156,0.3210
0.3653,0.3120,0.3227
0.3673,0.3137,0.3190
0.3683,0.3118,0.3199
0.3676,0.3135,0.3189
0.3669,0.3152,0.3179
0.3689,0.3142,0.3169
0.3671,0.3151,0.3178
0.3664,0.3140,0.3196
0.3656,0.3158,0.3186
0.3649,0.3176,0.3175
0.3659,0.3157,0.3184
0.3652,0.3174,0.3174
0.3680,0.3174,0.3146
0.3672,0.3164,0.3164
0.3693,0.3182,0.3125
0.3704,0.3162,0.3134
0.3686,0.3171,0.3143
0.3714,0.3143,0.3143
0.3736,0.3103,0.3161
0.3728,0.3093,0.3179
0.3750,0.3052,0.3198
0.3732,0.3061,0.3207
0.3724,0.3079,0.3197
0.3735,0.3088,0.3177
0.3717,0.3097,0.3186
0.3739,0.3086,0.3175
0.3731,0.3105,0.3164
0.3772,0.3114,0.3114
0.3765,0.3133,0.3102
0.3788,0.3091,0.3121
0.3811,0.3079,0.3110
0.3804,0.3098,0.3098
0.3804,0.3098,0.3098
0.3804,0.3098,0.3098
0.3796,0.3087,0.3117
0.3820,0.3074,0.3106
0.3801,0.3084,0.3115
0.3820,0.3074,0.3106
0.3789,0.3074,0.3137
0.3781,0.3094,0.3125
0.3770,0.3084,0.3146
0.3750,0.3094,0.3156
0.3762,0.3103,0.3135
0.3742,0.3113,0.3145
0.3691,0.3123,0.3186
0.3691,0.3123,0.3186
0.3702,0.3133,0.3165
0.3702,0.3133,0.3165
0.3694,0.3153,0.3153
0.3674,0.3163,0.3163
0.3698,0.3151,0.3151
0.3689,0.3139,0.3172
0.3701,0.3117,0.3182
0.3713,0.3127,0.3160
0.3713,0.3127,0.3160
0.3734,0.3117,0.3149
0.3758,0.3105,0.3137
0.3770,0.3115,0.3115
0.3738,0.3147,0.3115
0.3763,0.3102,0.3135
0.3754,0.3090,0.3156
0.3767,0.3100,0.3133
0.3733,0.3100,0.3167
0.3766,0.3067,0.3167
0.3725,0.3087,0.3188
0.3758,0.3054,0.3188
0.3737,0.3064,0.3199
0.3750,0.3041,0.3209
0.3742,0.3027,0.3231
0.3789,0.2969,0.3242
0.3828,0.2965,0.3207
0.3814,0.2990,0.3196
0.3828,0.3000,0.3172
0.3793,0.3000,0.3207
0.3780,0.3024,0.3196
0.3767,0.3048,0.3185
0.3759,0.3069,0.3172
0.3750,0.3056,0.3194
0.3763,0.3066,0.3171
0.3789,0.3053,0.3158
0.3781,0.3039,0.3180
0.3794,0.3014,0.3192
0.3830,0.2979,0.3191
0.3808,0.2989,0.3203
0.3835,0.3011,0.3154
0.3827,0.3032,0.3141
0.3855,0.3018,0.3127
0.3832,0.3029,0.3139
0.3832,0.3029,0.3139
0.3832,0.3029,0.3139
0.3860,0.2978,0.3162
0.3875,0.2952,0.3173
0.3903,0.2900,0.3197
0.3895,0.2884,0.3221
0.3895,0.2884,0.3221
0.3895,0.2921,0.3184
0.3924,0.2868,0.3208
0.3939,0.2879,0.3182
0.3916,0.2890,0.3194
0.3916,0.2890,0.3194
0.3916,0.2890,0.3194
0.3901,0.2917,0.3182
0.3901,0.2917,0.3182
0.3916,0.2890,0.3194
0.3939,0.2879,0.3182
0.3939,0.2879,0.3182
0.3910,0.2895,0.3195
0.3924,0.2906,0.3170
0.3962,0.2868,0.3170
0.3977,0.2841,0.3182
0.3992,0.2852,0.3156
0.4008,0.2824,0.3168
0.3985,0.2835,0.3180
0.3985,0.2835,0.3180
0.3962,0.2846,0.3192
0.3961,0.2885,0.3154
0.3977,0.2896,0.3127
0.3992,0.2868,0.3140
0.3992,0.2868,0.3140
0.3969,0.2879,0.3152
0.3984,0.2891,0.3125
0.3984,0.2891,0.3125
0.3984,0.2891,0.3125
0.4023,0.2891,0.3086
0.4016,0.2913,0.3071
0.4024,0.2908,0.3068
0.4016,0.2932,0.3052
0.4050,0.2851,0.3099
0.4084,0.2833,0.3083
0.4135,0.2869,0.2996
0.4110,0.2881,0.3009
0.4068,0.2924,0.3008
0.4110,0.2881,0.3009
0.4060,0.2906,0.3034
0.4077,0.2919,0.3004
0.4163,0.2919,0.2918
0.4206,0.2918,0.2876
0.4206,0.2918,0.2876
0.4206,0.2918,0.2876
0.4242,0.2901,0.2857
0.4192,0.2970,0.2838
0.4188,0.3077,0.2735
0.4181,0.3103,0.2716
0.4199,0.3117,0.2684
0.4217,0.3131,0.2652
0.4260,0.3139,0.2601
0.4273,0.3136,0.2591
0.4227,0.3137,0.2636
0.4178,0.3193,0.2629
0.4095,0.3238,0.2667
0.4067,0.3254,0.2679
0.4010,0.3317,0.2673
0.4020,0.3317,0.2663
0.4040,0.3283,0.2677
0.3927,0.3403,0.2670
0.4040,0.3384,0.2576
0.4112,0.3350,0.2538
0.4162,0.3300,0.2538
0.4184,0.3316,0.2500
0.4205,0.3333,0.2462
0.4149,0.3457,0.2394
0.4108,0.3460,0.2432
0.4140,0.3441,0.2419
0.4162,0.3460,0.2378
0.4171,0.3529,0.2300
0.4225,0.3529,0.2246
0.4247,0.3549,0.2204
0.4247,0.3602,0.2151
0.4247,0.3656,0.2097
0.4302,0.3631,0.2067
0.4318,0.3693,0.1989
0.4318,0.3693,0.1989
0.4286,0.3714,0.2000
0.4335,0.3757,0.1908
0.4368,0.3736,0.1896
0.4393,0.3757,0.1850
0.4445,0.3684,0.1871
0.4530,0.3588,0.1882
0.4524,0.3631,0.1845
0.4611,0.3593,0.1796
0.4639,0.3614,0.1747
0.4578,0.3675,0.1747
0.4638,0.3675,0.1687
0.4639,0.3735,0.1626
0.4639,0.3735,0.1626
0.4634,0.3781,0.1585
0.4662,0.3804,0.1534
0.4720,0.3851,0.1429
0.4658,0.3913,0.1429
0.4805,0.3831,0.1364
0.4812,0.3875,0.1313
0.4967,0.3856,0.1177
0.5067,0.3800,0.1133
0.5067,0.3784,0.1149
0.5170,0.3742,0.1088
0.5172,0.3793,0.1035
0.5208,0.3820,0.0972
0.5245,0.3776,0.0979
0.5282,0.3803,0.0915
0.5286,0.3857,0.0857
0.5286,0.3857,0.0857
0.5286,0.3928,0.0786
0.5290,0.3913,0.0797
0.5290,0.3985,0.0725
0.5407,0.3926,0.0667
0.5414,0.3985,0.0601
0.5420,0.4046,0.0534
0.5581,0.3954,0.0465
0.5530,0.3864,0.0606
0.5504,0.3953,0.0543
0.5512,0.4016,0.0472
0.5645,0.3952,0.0403
0.5760,0.3920,0.0320
0.5738,0.4016,0.0246
0.5667,0.4083,0.0250
0.5678,0.4153,0.0169
0.5604,0.4310,0.0086
0.5702,0.4298,0.0000
0.5702,0.4298,0.0000
0.5664,0.4336,0.0000
0.5702,0.4298,0.0000
0.5603,0.4397,0.0000
0.5603,0.4397,0.0000
0.5603,0.4397,0.0000
0.5641,0.4359,0.0000
0.5565,0.4435,0.0000
0.5556,0.4359,0.0085
0.5517,0.4483,0.0000
0.5593,0.4407,0.0000
0.5593,0.4407,0.0000
