# Pd,Pt,Ru
0.3385,0.3203,0.3412
0.3377,0.3194,0.3429
0.3395,0.3184,0.3421
0.3386,0.3175,0.3439
0.3404,0.3138,0.3458
0.3413,0.3120,0.3467
0.3405,0.3110,0.3485
0.3423,0.3100,0.3477
0.3405,0.3108,0.3487
0.3424,0.3098,0.3478
0.3415,0.3115,0.3470
0.3397,0.3123,0.3480
0.3388,0.3141,0.3471
0.3398,0.3121,0.3481
0.3407,0.3130,0.3463
0.3426,0.3092,0.3482
0.3408,0.3100,0.3492
0.3417,0.3081,0.3502
0.3409,0.3070,0.3521
0.3428,0.3059,0.3513
0.3447,0.3049,0.3504
0.3476,0.3048,0.3476
0.3438,0.3066,0.3496
0.3458,0.3055,0.3487
0.3449,0.3073,0.3478
0.3430,0.3082,0.3488
0.3450,0.3070,0.3480
0.3471,0.3029,0.3500
0.3481,0.3038,0.3481
0.3442,0.3056,0.3502
0.3482,0.3036,0.3482
0.3473,0.3054,0.3473
0.3464,0.3072,0.3464
0.3454,0.3061,0.3485
0.3445,0.3079,0.3476
0.3436,0.3067,0.3497
0.3446,0.3077,0.3477
0.3446,0.3108,0.3446
0.3467,0.3096,0.3437
0.3458,0.3115,0.3427
0.3448,0.3135,0.3417
0.3448,0.3135,0.3417
0.3428,0.3144,0.3428
0.3428,0.3144,0.3428
0.3428,0.3144,0.3428
0.3396,0.3176,0.3428
0.3418,0.3164,0.3418
0.3408,0.3153,0.3439
0.3387,0.3163,0.3450
0.3408,0.3119,0.3473
0.3398,0.3139,0.3463
0.3409,0.3117,0.3474
0.3431,0.3072,0.3497
0.3443,0.3082,0.3475
0.3454,0.3092,0.3454
0.3421,0.3125,0.3454
0.3444,0.3112,0.3444
0.3444,0.3112,0.3444
0.3467,0.3100,0.3433
0.3445,0.3110,0.3445
0.3434,0.3098,0.3468
0.3435,0.3131,0.3434
0.3457,0.3119,0.3424
0.3470,0.3129,0.3401
0.3470,0.3129,0.3401
0.3481,0.3106,0.3413
0.3481,0.3106,0.3413
0.3493,0.3117,0.3390
0.3505,0.3127,0.3368
0.3505,0.3127,0.3368
0.3540,0.3127,0.3333
0.3540,0.3127,0.3333
0.3529,0.3149,0.3322
0.3507,0.3160,0.3333
0.3519,0.3171,0.3310
0.3531,0.3147,0.3322
0.3544,0.3158,0.3298
0.3521,0.3169,0.3310
0.3486,0.3204,0.3310
0.3475,0.3192,0.3333
0.3498,0.3216,0.3286
0.3452,0.3238,0.3310
0.3452,0.3238,0.3310
0.3440,0.3262,0.3298
0.3429,0.3250,0.3321
0.3405,0.3262,0.3333
0.3405,0.3262,0.3333
0.3428,0.3286,0.3286
0.3404,0.3298,0.3298
0.3404,0.3298,0.3298
0.3404,0.3298,0.3298
0.3404,0.3298,0.3298
0.3404,0.3298,0.3298
0.3428,0.3286,0.3286
0.3452,0.3238,0.3310
0.3475,0.3227,0.3298
0.3498,0.3216,0.3286
0.3475,0.3227,0.3298
0.3463,0.3215,0.3322
0.3475,0.3227,0.3298
0.3487,0.3203,0.3310
0.3464,0.3214,0.3322
0.3464,0.3214,0.3322
0.3489,0.3202,0.3309
0.3489,0.3202,0.3309
0.3489,0.3202,0.3309
0.3466,0.3213,0.3321
0.3466,0.3177,0.3357
0.3491,0.3200,0.3309
0.3516,0.3187,0.3297
0.3469,0.3210,0.3321
0.3469,0.3210,0.3321
0.3456,0.3235,0.3309
0.3493,0.3198,0.3309
0.3506,0.3210,0.3284
0.3495,0.3234,0.3271
0.3507,0.3209,0.3284
0.3521,0.3183,0.3296
0.3521,0.3183,0.3296
0.3532,0.3160,0.3308
0.3494,0.3197,0.3309
0.3494,0.3197,0.3309
0.3482,0.3222,0.3296
0.3469,0.3210,0.3321
0.3469,0.3247,0.3284
0.3432,0.3284,0.3284
0.3432,0.3284,0.3284
0.3432,0.3284,0.3284
0.3408,0.3296,0.3296
0.3433,0.3283,0.3284
0.3420,0.3309,0.3271
0.3408,0.3296,0.3296
0.3396,0.3321,0.3283
0.3422,0.3308,0.3270
0.3410,0.3333,0.3257
0.3385,0.3346,0.3269
0.3385,0.3346,0.3269
0.3398,0.3320,0.3282
0.3385,0.3346,0.3269
0.3346,0.3385,0.3269
0.3320,0.3399,0.3281
0.3333,0.3373,0.3294
0.3333,0.3373,0.3294
0.3307,0.3386,0.3307
0.3269,0.3463,0.3268
0.3294,0.3450,0.3256
0.3294,0.3450,0.3256
0.3281,0.3438,0.3281
0.3213,0.3454,0.3333
0.3226,0.3468,0.3306
0.3198,0.3482,0.3320
0.3211,0.3496,0.3293
0.3184,0.3510,0.3306
0.3169,0.3539,0.3292
0.3169,0.3539,0.3292
0.3210,0.3539,0.3251
0.3265,0.3512,0.3223
0.3191,0.3532,0.3277
0.3205,0.3547,0.3248
0.3219,0.3562,0.3219
0.3248,0.3547,0.3205
0.3262,0.3605,0.3133
0.3248,0.3590,0.3162
0.3305,0.3562,0.3133
0.3290,0.3593,0.3117
0.3348,0.3565,0.3087
0.3229,0.3677,0.3094
0.3182,0.3682,0.3136
0.3193,0.3615,0.3192
0.3239,0.3615,0.3146
0.3239,0.3615,0.3146
0.3286,0.3615,0.3099
0.3286,0.3662,0.3052
0.3333,0.3667,0.3000
0.3397,0.3636,0.2967
0.3413,0.3606,0.2981
0.3433,0.3632,0.2935
0.3384,0.3636,0.2980
0.3367,0.3623,0.3010
0.3418,0.3623,0.2959
0.3469,0.3623,0.2908
0.3520,0.3623,0.2857
0.3505,0.3660,0.2835
0.3542,0.3698,0.2760
0.3575,0.3679,0.2746
0.3575,0.3679,0.2746
0.3613,0.3665,0.2722
0.3587,0.3804,0.2609
0.3617,0.3723,0.2660
0.3646,0.3702,0.2652
0.3652,0.3708,0.2640
0.3672,0.3729,0.2599
0.3600,0.3771,0.2629
0.3642,0.3757,0.2601
0.3642,0.3757,0.2601
0.3663,0.3779,0.2558
0.3642,0.3815,0.2543
0.3684,0.3860,0.2456
0.3684,0.3860,0.2456
0.3669,0.3905,0.2426
0.3669,0.3905,0.2426
0.3653,0.3952,0.2395
0.3625,0.4000,0.2375
0.3630,0.4013,0.2357
0.3720,0.4085,0.2195
0.3720,0.4085,0.2195
0.3704,0.4136,0.2160
0.3806,0.4129,0.2065
0.3816,0.4145,0.2039
0.3816,0.4145,0.2039
0.3822,0.4204,0.1974
0.3733,0.4400,0.1867
0.3741,0.4354,0.1905
0.3741,0.4354,0.1905
0.3767,0.4384,0.1849
0.3813,0.4388,0.1799
0.3750,0.4444,0.1806
0.3820,0.4444,0.1736
0.3867,0.4533,0.1600
0.3916,0.4476,0.1608
0.3901,0.4539,0.1560
0.3885,0.4604,0.1511
0.3869,0.4671,0.1460
0.3869,0.4671,0.1460
0.3942,0.4671,0.1387
0.4030,0.4627,0.1343
0.4179,0.4552,0.1269
0.4211,0.4586,0.1203
0.4338,0.4706,0.0956
0.4436,0.4737,0.0827
0.4427,0.4733,0.0840
0.4394,0.4697,0.0909
0.4394,0.4697,0.0909
0.4361,0.4812,0.0827
0.4308,0.4923,0.0769
0.4308,0.5000,0.0692
0.4375,0.5000,0.0625
0.4331,0.5118,0.0551
0.4320,0.5200,0.0480
0.4436,0.5161,0.0403
0.4516,0.5161,0.0323
0.4553,0.5122,0.0325
0.4590,0.5164,0.0246
0.4628,0.5207,0.0165
0.4628,0.5207,0.0165
0.4706,0.5210,0.0084
0.4628,0.5289,0.0083
0.4590,0.5328,0.0082
0.4667,0.5333,0.0000
0.4667,0.5333,0.0000
0.4706,0.5294,0.0000
0.4706,0.5294,0.0000
0.4783,0.5217,0.0000
0.4828,0.5172,0.0000
0.4746,0.5254,0.0000
0.4872,0.5128,0.0000
0.4915,0.5085,0.0000
0.4915,0.5085,0.0000
0.4831,0.5169,0.0000
0.4786,0.5214,0.0000
0.4746,0.5254,0.0000
0.4831,0.5169,0.0000
0.4741,0.5259,0.0000
0.4746,0.5254,0.0000
0.4746,0.5254,0.0000
0.4746,0.5254,0.0000
0.4746,0.5254,0.0000
0.4746,0.5254,0.0000
0.4746,0.5254,0.0000
0.4746,0.5254,0.0000
0.4746,0.5254,0.0000
0.4655,0.5345,0.0000
