# Pd,Pt,Ru
0.3125,0.3594,0.3281
0.3115,0.3586,0.3299
0.3105,0.3579,0.3316
0.3113,0.3562,0.3325
0.3130,0.3528,0.3342
0.3120,0.3520,0.3360
0.3137,0.3485,0.3378
0.3127,0.3477,0.3396
0.3116,0.3496,0.3388
0.3106,0.3488,0.3406
0.3068,0.3507,0.3425
0.3085,0.3499,0.3416
0.3075,0.3490,0.3435
0.3056,0.3500,0.3444
0.3045,0.3491,0.3464
0.3025,0.3502,0.3473
0.3014,0.3521,0.3465
0.3023,0.3503,0.3474
0.3040,0.3494,0.3466
0.3020,0.3504,0.3476
0.3020,0.3476,0.3504
0.3008,0.3496,0.3496
0.3017,0.3477,0.3506
0.3017,0.3506,0.3477
0.3035,0.3468,0.3497
0.3015,0.3478,0.3507
0.3032,0.3499,0.3469
0.3050,0.3490,0.3460
0.3021,0.3519,0.3460
0.3029,0.3530,0.3441
0.3029,0.3530,0.3441
0.3039,0.3510,0.3451
0.3068,0.3510,0.3422
0.3006,0.3542,0.3452
0.2994,0.3563,0.3443
0.3003,0.3574,0.3423
0.2991,0.3565,0.3444
0.3021,0.3535,0.3444
0.3000,0.3545,0.3455
0.2988,0.3567,0.3445
0.3006,0.3589,0.3405
0.2994,0.3611,0.3395
0.3003,0.3622,0.3375
0.3012,0.3603,0.3385
0.3034,0.3591,0.3375
0.3034,0.3591,0.3375
0.3034,0.3591,0.3375
0.3022,0.3614,0.3364
0.2978,0.3636,0.3386
0.2988,0.3616,0.3396
0.2997,0.3628,0.3375
0.3016,0.3619,0.3365
0.3025,0.3631,0.3344
0.3013,0.3622,0.3365
0.3019,0.3604,0.3377
0.3029,0.3616,0.3355
0.3016,0.3607,0.3377
0.3026,0.3619,0.3355
0.3013,0.3643,0.3344
0.3013,0.3643,0.3344
0.3023,0.3621,0.3356
0.3033,0.3600,0.3367
0.3010,0.3612,0.3378
0.3010,0.3612,0.3378
0.3010,0.3612,0.3378
0.2987,0.3624,0.3389
0.3007,0.3615,0.3378
0.3027,0.3572,0.3401
0.3027,0.3572,0.3401
0.3037,0.3584,0.3379
0.3003,0.3584,0.3413
0.3014,0.3596,0.3390
0.3024,0.3574,0.3402
0.3037,0.3584,0.3379
0.3024,0.3608,0.3368
0.3035,0.3586,0.3379
0.3045,0.3564,0.3391
0.3031,0.3554,0.3415
0.3042,0.3531,0.3427
0.3063,0.3521,0.3416
0.3074,0.3498,0.3428
0.3063,0.3521,0.3416
0.3088,0.3509,0.3403
0.3050,0.3546,0.3404
0.3050,0.3546,0.3404
0.3061,0.3523,0.3416
0.3061,0.3523,0.3416
0.3036,0.3571,0.3393
0.3000,0.3571,0.3429
0.2989,0.3559,0.3452
0.2979,0.3546,0.3475
0.2989,0.3523,0.3488
0.2975,0.3548,0.3477
0.3000,0.3536,0.3464
0.3000,0.3500,0.3500
0.3011,0.3512,0.3477
0.3032,0.3502,0.3466
0.3018,0.3527,0.3455
0.3040,0.3517,0.3443
0.3066,0.3503,0.3431
0.3051,0.3493,0.3456
0.3063,0.3468,0.3469
0.3086,0.3457,0.3457
0.3111,0.3445,0.3444
0.3111,0.3445,0.3444
0.3086,0.3457,0.3457
0.3097,0.3433,0.3470
0.3097,0.3433,0.3470
0.3120,0.3384,0.3496
0.3132,0.3359,0.3509
0.3156,0.3346,0.3498
0.3142,0.3372,0.3486
0.3142,0.3372,0.3486
0.3154,0.3385,0.3461
0.3154,0.3423,0.3423
0.3154,0.3423,0.3423
0.3154,0.3423,0.3423
0.3178,0.3411,0.3411
0.3154,0.3423,0.3423
0.3166,0.3398,0.3436
0.3166,0.3398,0.3436
0.3142,0.3410,0.3448
0.3142,0.3410,0.3448
0.3142,0.3410,0.3448
0.3180,0.3410,0.3410
0.3192,0.3385,0.3423
0.3243,0.3398,0.3359
0.3256,0.3372,0.3372
0.3256,0.3372,0.3372
0.3256,0.3372,0.3372
0.3256,0.3333,0.3411
0.3281,0.3360,0.3359
0.3269,0.3385,0.3346
0.3281,0.3399,0.3320
0.3242,0.3399,0.3359
0.3255,0.3412,0.3333
0.3281,0.3399,0.3320
0.3281,0.3399,0.3320
0.3267,0.3386,0.3347
0.3293,0.3333,0.3374
0.3320,0.3320,0.3360
0.3334,0.3333,0.3333
0.3347,0.3306,0.3347
0.3360,0.3320,0.3320
0.3375,0.3333,0.3292
0.3360,0.3320,0.3320
0.3347,0.3347,0.3306
0.3388,0.3347,0.3265
0.3430,0.3306,0.3264
0.3430,0.3306,0.3264
0.3458,0.3333,0.3209
0.3458,0.3333,0.3209
0.3390,0.3348,0.3262
0.3362,0.3405,0.3233
0.3377,0.3420,0.3203
0.3391,0.3435,0.3174
0.3435,0.3435,0.3130
0.3450,0.3450,0.3100
0.3493,0.3450,0.3057
0.3423,0.3559,0.3018
0.3425,0.3516,0.3059
0.3410,0.3548,0.3042
0.3410,0.3548,0.3042
0.3381,0.3571,0.3048
0.3382,0.3623,0.2995
0.3430,0.3575,0.2995
0.3413,0.3606,0.2981
0.3398,0.3641,0.2961
0.3415,0.3658,0.2927
0.3366,0.3756,0.2878
0.3333,0.3788,0.2879
0.3431,0.3775,0.2794
0.3497,0.3744,0.2759
0.3547,0.3744,0.2709
0.3532,0.3781,0.2687
0.3532,0.3781,0.2687
0.3568,0.3769,0.2663
0.3568,0.3819,0.2613
0.3586,0.3838,0.2576
0.3560,0.3874,0.2566
0.3608,0.3918,0.2474
0.3627,0.3886,0.2487
0.3594,0.3958,0.2448
0.3545,0.4021,0.2434
0.3511,0.4096,0.2393
0.3511,0.4096,0.2393
0.3495,0.4140,0.2365
0.3520,0.4190,0.2290
0.3523,0.4148,0.2329
0.3563,0.4138,0.2299
0.3584,0.4162,0.2254
0.3626,0.4093,0.2281
0.3626,0.4152,0.2222
0.3706,0.4176,0.2118
0.3765,0.4176,0.2059
0.3787,0.4142,0.2071
0.3869,0.4167,0.1964
0.3855,0.4157,0.1988
0.3899,0.4277,0.1824
0.3903,0.4268,0.1829
0.3865,0.4294,0.1841
0.3842,0.4329,0.1829
0.3865,0.4356,0.1779
0.3827,0.4445,0.1728
0.3889,0.4444,0.1667
0.3936,0.4516,0.1548
0.3948,0.4605,0.1447
0.3973,0.4636,0.1391
0.4000,0.4600,0.1400
0.4094,0.4631,0.1275
0.4082,0.4626,0.1292
0.4014,0.4626,0.1360
0.3973,0.4657,0.1370
0.3973,0.4726,0.1301
0.3946,0.4694,0.1360
0.3958,0.4722,0.1320
0.4000,0.4690,0.1310
0.4056,0.4685,0.1259
0.4056,0.4755,0.1189
0.4084,0.4789,0.1127
0.4113,0.4823,0.1064
0.4384,0.4589,0.1027
0.4336,0.4685,0.0979
0.4306,0.4722,0.0972
0.4336,0.4755,0.0909
0.4397,0.4752,0.0851
0.4428,0.4786,0.0786
0.4468,0.4823,0.0709
0.4468,0.4965,0.0567
0.4532,0.4892,0.0576
0.4565,0.4928,0.0507
0.4565,0.5000,0.0435
0.4599,0.5036,0.0365
0.4632,0.5074,0.0294
0.4741,0.5037,0.0222
0.4737,0.5113,0.0150
0.4702,0.5149,0.0149
0.4702,0.5149,0.0149
0.4776,0.5149,0.0075
0.4815,0.5111,0.0074
0.4815,0.5111,0.0074
0.4851,0.5149,0.0000
0.4851,0.5149,0.0000
0.4851,0.5149,0.0000
0.4891,0.5036,0.0073
0.4889,0.5111,0.0000
0.4851,0.5149,0.0000
0.4926,0.5074,0.0000
0.4889,0.5111,0.0000
0.4889,0.5111,0.0000
0.4853,0.5147,0.0000
0.4818,0.5109,0.0073
0.4891,0.5109,0.0000
0.4926,0.5074,0.0000
0.4926,0.5074,0.0000
0.4964,0.5036,0.0000
0.5000,0.5000,0.0000
0.4963,0.5037,0.0000
0.4891,0.5109,0.0000
0.4928,0.5072,0.0000
0.4928,0.5072,0.0000
