# Pd,Pt,Ru
0.3594,0.2734,0.3672
0.3586,0.2749,0.3665
0.3579,0.2763,0.3658
0.3598,0.2751,0.3651
0.3590,0.2766,0.3644
0.3610,0.2754,0.3636
0.3629,0.2742,0.3629
0.3612,0.2749,0.3639
0.3621,0.2757,0.3622
0.3604,0.2764,0.3632
0.3624,0.2779,0.3597
0.3634,0.2760,0.3606
0.3634,0.2760,0.3606
0.3654,0.2747,0.3599
0.3674,0.2707,0.3619
0.3695,0.2722,0.3583
0.3705,0.2702,0.3593
0.3698,0.2717,0.3585
0.3718,0.2704,0.3578
0.3711,0.2691,0.3598
0.3722,0.2699,0.3579
0.3714,0.2714,0.3572
0.3743,0.2714,0.3543
0.3736,0.2730,0.3534
0.3757,0.2688,0.3555
0.3750,0.2674,0.3576
0.3743,0.2661,0.3596
0.3765,0.2618,0.3617
0.3757,0.2633,0.3610
0.3768,0.2671,0.3561
0.3761,0.2657,0.3582
0.3731,0.2687,0.3582
0.3742,0.2665,0.3593
0.3754,0.2673,0.3573
0.3776,0.2689,0.3535
0.3788,0.2697,0.3515
0.3769,0.2705,0.3526
0.3780,0.2683,0.3537
0.3762,0.2691,0.3547
0.3762,0.2691,0.3547
0.3773,0.2699,0.3528
0.3765,0.2716,0.3519
0.3789,0.2702,0.3509
0.3770,0.2710,0.3520
0.3793,0.2665,0.3542
0.3805,0.2673,0.3522
0.3793,0.2696,0.3511
0.3774,0.2704,0.3522
0.3766,0.2690,0.3544
0.3726,0.2707,0.3567
0.3686,0.2724,0.3590
0.3666,0.2733,0.3601
0.3666,0.2765,0.3569
0.3666,0.2765,0.3569
0.3625,0.2783,0.3592
0.3625,0.2815,0.3560
0.3648,0.2769,0.3583
0.3627,0.2778,0.3595
0.3639,0.2787,0.3574
0.3664,0.2772,0.3564
0.3688,0.2724,0.3588
0.3688,0.2757,0.3555
0.3666,0.2767,0.3567
0.3691,0.2752,0.3557
0.3725,0.2718,0.3557
0.3750,0.2669,0.3581
0.3742,0.2653,0.3605
0.3729,0.2644,0.3627
0.3720,0.2662,0.3618
0.3720,0.2662,0.3618
0.3711,0.2681,0.3608
0.3703,0.2664,0.3633
0.3703,0.2664,0.3633
0.3658,0.2683,0.3659
0.3728,0.2648,0.3624
0.3719,0.2667,0.3614
0.3719,0.2667,0.3614
0.3732,0.2641,0.3627
0.3746,0.2650,0.3604
0.3781,0.2615,0.3604
0.3768,0.2641,0.3591
0.3768,0.2676,0.3556
0.3759,0.2695,0.3546
0.3759,0.2695,0.3546
0.3714,0.2714,0.3572
0.3701,0.2705,0.3594
0.3679,0.2714,0.3607
0.3643,0.2750,0.3607
0.3620,0.2760,0.3620
0.3633,0.2770,0.3597
0.3646,0.2780,0.3574
0.3659,0.2790,0.3551
0.3649,0.2774,0.3577
0.3649,0.2774,0.3577
0.3626,0.2784,0.3590
0.3640,0.2757,0.3603
0.3616,0.2768,0.3616
0.3616,0.2768,0.3616
0.3616,0.2805,0.3579
0.3630,0.2778,0.3592
0.3667,0.2778,0.3555
0.3653,0.2804,0.3543
0.3680,0.2788,0.3532
0.3643,0.2788,0.3569
0.3657,0.2798,0.3545
0.3633,0.2809,0.3558
0.3595,0.2809,0.3596
0.3547,0.2830,0.3623
0.3561,0.2841,0.3598
0.3574,0.2852,0.3574
0.3550,0.2862,0.3588
0.3563,0.2835,0.3602
0.3539,0.2846,0.3615
0.3539,0.2846,0.3615
0.3514,0.2857,0.3629
0.3541,0.2840,0.3619
0.3568,0.2863,0.3569
0.3568,0.2863,0.3569
0.3569,0.2823,0.3608
0.3555,0.2851,0.3594
0.3555,0.2851,0.3594
0.3555,0.2851,0.3594
0.3543,0.2874,0.3583
0.3529,0.2902,0.3569
0.3515,0.2891,0.3594
0.3515,0.2891,0.3594
0.3515,0.2891,0.3594
0.3529,0.2902,0.3569
0.3490,0.2902,0.3608
0.3465,0.2913,0.3622
0.3504,0.2913,0.3583
0.3452,0.2976,0.3572
0.3520,0.3000,0.3480
0.3480,0.3040,0.3480
0.3466,0.3068,0.3466
0.3466,0.3068,0.3466
0.3454,0.3092,0.3454
0.3430,0.3058,0.3512
0.3362,0.3064,0.3574
0.3348,0.3090,0.3562
0.3377,0.3073,0.3550
0.3377,0.3073,0.3550
0.3420,0.3074,0.3506
0.3435,0.3087,0.3478
0.3421,0.3158,0.3421
0.3436,0.3172,0.3392
0.3422,0.3156,0.3422
0.3408,0.3184,0.3408
0.3408,0.3184,0.3408
0.3424,0.3198,0.3378
0.3439,0.3213,0.3348
0.3409,0.3273,0.3318
0.3380,0.3287,0.3333
0.3286,0.3333,0.3381
0.3286,0.3381,0.3333
0.3302,0.3397,0.3301
0.3349,0.3397,0.3254
0.3366,0.3317,0.3317
0.3416,0.3317,0.3267
0.3385,0.3333,0.3282
0.3333,0.3386,0.3281
0.3400,0.3350,0.3250
0.3433,0.3283,0.3284
0.3433,0.3333,0.3234
0.3433,0.3383,0.3184
0.3483,0.3383,0.3134
0.3454,0.3402,0.3144
0.3490,0.3385,0.3125
0.3623,0.3316,0.3061
0.3674,0.3316,0.3010
0.3711,0.3351,0.2938
0.3711,0.3351,0.2938
0.3660,0.3402,0.2938
0.3731,0.3368,0.2901
0.3731,0.3368,0.2901
0.3770,0.3351,0.2879
0.3737,0.3421,0.2842
0.3777,0.3457,0.2766
0.3776,0.3511,0.2713
0.3776,0.3511,0.2713
0.3850,0.3476,0.2674
0.3838,0.3513,0.2649
0.3871,0.3548,0.2581
0.3871,0.3602,0.2527
0.3925,0.3602,0.2473
0.3968,0.3641,0.2391
0.4011,0.3571,0.2418
0.4000,0.3611,0.2389
0.4022,0.3631,0.2347
0.4045,0.3652,0.2303
0.4068,0.3672,0.2260
0.4057,0.3714,0.2229
0.4057,0.3714,0.2229
0.4104,0.3699,0.2197
0.4096,0.3795,0.2109
0.4110,0.3865,0.2025
0.4063,0.3937,0.2000
0.4114,0.3987,0.1899
0.4114,0.4051,0.1835
0.4038,0.4103,0.1859
0.4129,0.4129,0.1742
0.4194,0.4064,0.1742
0.4167,0.4102,0.1731
0.4194,0.4129,0.1677
0.4194,0.4129,0.1677
0.4231,0.4038,0.1731
0.4258,0.4065,0.1677
0.4286,0.4221,0.1493
0.4342,0.4211,0.1447
0.4371,0.4238,0.1391
0.4379,0.4248,0.1373
0.4379,0.4248,0.1373
0.4351,0.4221,0.1428
0.4415,0.4221,0.1364
0.4474,0.4210,0.1316
0.4474,0.4276,0.1250
0.4569,0.4305,0.1126
0.4569,0.4305,0.1126
0.4540,0.4276,0.1184
0.4564,0.4362,0.1074
0.4626,0.4354,0.1020
0.4626,0.4354,0.1020
0.4621,0.4414,0.0965
0.4653,0.4444,0.0903
0.4685,0.4476,0.0839
0.4779,0.4412,0.0809
0.4851,0.4403,0.0746
0.4887,0.4436,0.0677
0.4924,0.4394,0.0682
0.4961,0.4419,0.0620
0.5000,0.4453,0.0547
0.5000,0.4453,0.0547
0.5079,0.4445,0.0476
0.5118,0.4410,0.0472
0.5242,0.4435,0.0323
0.5285,0.4390,0.0325
0.5328,0.4426,0.0246
0.5284,0.4553,0.0163
0.5284,0.4553,0.0163
0.5328,0.4590,0.0082
0.5280,0.4560,0.0160
0.5328,0.4590,0.0082
0.5328,0.4590,0.0082
0.5378,0.4622,0.0000
0.5378,0.4622,0.0000
0.5378,0.4622,0.0000
0.5410,0.4590,0.0000
0.5410,0.4590,0.0000
0.5372,0.4628,0.0000
0.5333,0.4667,0.0000
0.5333,0.4667,0.0000
0.5417,0.4583,0.0000
0.5500,0.4500,0.0000
0.5500,0.4500,0.0000
0.5537,0.4463,0.0000
0.5537,0.4463,0.0000
0.5492,0.4508,0.0000
0.5528,0.4472,0.0000
0.5528,0.4472,0.0000
0.5484,0.4516,0.0000
0.5447,0.4553,0.0000
0.5440,0.4480,0.0080
0.5484,0.4516,0.0000
0.5410,0.4590,0.0000
0.5372,0.4628,0.0000
0.5360,0.4480,0.0160
0.5447,0.4472,0.0081
0.5537,0.4463,0.0000
0.5537,0.4463,0.0000
0.5574,0.4426,0.0000
