# Pd,Pt,Ru
0.3698,0.2865,0.3437
0.3691,0.2880,0.3429
0.3684,0.2869,0.3447
0.3677,0.2884,0.3439
0.3697,0.2872,0.3431
0.3697,0.2872,0.3431
0.3707,0.2853,0.3440
0.3707,0.2853,0.3440
0.3690,0.2861,0.3449
0.3700,0.2868,0.3432
0.3710,0.2849,0.3441
0.3730,0.2811,0.3459
0.3696,0.2826,0.3478
0.3706,0.2834,0.3460
0.3671,0.2849,0.3480
0.3681,0.2830,0.3489
0.3701,0.2818,0.3481
0.3722,0.2833,0.3445
0.3715,0.2821,0.3464
0.3715,0.2821,0.3464
0.3708,0.2837,0.3455
0.3672,0.2853,0.3475
0.3683,0.2861,0.3456
0.3675,0.2878,0.3447
0.3668,0.2865,0.3467
0.3678,0.2874,0.3448
0.3678,0.2874,0.3448
0.3707,0.2845,0.3448
0.3700,0.2861,0.3439
0.3721,0.2820,0.3459
0.3684,0.2836,0.3480
0.3714,0.2836,0.3450
0.3732,0.2828,0.3440
0.3714,0.2836,0.3450
0.3724,0.2815,0.3461
0.3687,0.2832,0.3481
0.3709,0.2789,0.3502
0.3702,0.2776,0.3522
0.3720,0.2768,0.3512
0.3694,0.2763,0.3543
0.3724,0.2763,0.3513
0.3708,0.2766,0.3526
0.3731,0.2752,0.3517
0.3700,0.2783,0.3517
0.3712,0.2791,0.3497
0.3735,0.2747,0.3518
0.3746,0.2694,0.3560
0.3758,0.2671,0.3571
0.3719,0.2687,0.3594
0.3719,0.2656,0.3625
0.3719,0.2656,0.3625
0.3688,0.2687,0.3625
0.3688,0.2687,0.3625
0.3688,0.2687,0.3625
0.3696,0.2671,0.3633
0.3688,0.2687,0.3625
0.3730,0.2696,0.3574
0.3742,0.2673,0.3585
0.3766,0.2626,0.3608
0.3734,0.2658,0.3608
0.3758,0.2643,0.3599
0.3750,0.2660,0.3590
0.3750,0.2660,0.3590
0.3730,0.2669,0.3601
0.3730,0.2669,0.3601
0.3698,0.2701,0.3601
0.3722,0.2718,0.3560
0.3734,0.2727,0.3539
0.3754,0.2718,0.3528
0.3778,0.2704,0.3518
0.3791,0.2712,0.3497
0.3779,0.2736,0.3485
0.3771,0.2754,0.3475
0.3750,0.2763,0.3487
0.3763,0.2739,0.3498
0.3750,0.2730,0.3520
0.3742,0.2715,0.3543
0.3733,0.2700,0.3567
0.3746,0.2675,0.3579
0.3746,0.2675,0.3579
0.3737,0.2694,0.3569
0.3742,0.2687,0.3571
0.3763,0.2678,0.3559
0.3763,0.2678,0.3559
0.3776,0.2687,0.3537
0.3789,0.2696,0.3515
0.3801,0.2706,0.3493
0.3780,0.2715,0.3505
0.3780,0.2715,0.3505
0.3780,0.2715,0.3505
0.3759,0.2724,0.3517
0.3759,0.2724,0.3517
0.3785,0.2673,0.3542
0.3785,0.2673,0.3542
0.3772,0.2699,0.3529
0.3798,0.2683,0.3519
0.3776,0.2692,0.3532
0.3728,0.2718,0.3554
0.3706,0.2727,0.3567
0.3719,0.2737,0.3544
0.3684,0.2737,0.3579
0.3697,0.2711,0.3592
0.3723,0.2695,0.3582
0.3723,0.2695,0.3582
0.3737,0.2633,0.3630
0.3759,0.2660,0.3581
0.3723,0.2695,0.3582
0.3688,0.2695,0.3617
0.3714,0.2714,0.3572
0.3728,0.2724,0.3548
0.3718,0.2744,0.3538
0.3718,0.2744,0.3538
0.3718,0.2780,0.3502
0.3746,0.2727,0.3527
0.3736,0.2711,0.3553
0.3736,0.2711,0.3553
0.3759,0.2701,0.3540
0.3727,0.2694,0.3579
0.3755,0.2714,0.3531
0.3745,0.2734,0.3521
0.3745,0.2734,0.3521
0.3773,0.2755,0.3472
0.3736,0.2755,0.3509
0.3736,0.2755,0.3509
0.3764,0.2776,0.3460
0.3741,0.2786,0.3473
0.3755,0.2797,0.3448
0.3755,0.2797,0.3448
0.3769,0.2808,0.3423
0.3784,0.2818,0.3398
0.3784,0.2818,0.3398
0.3769,0.2846,0.3385
0.3755,0.2873,0.3372
0.3799,0.2868,0.3333
0.3745,0.2869,0.3386
0.3785,0.2868,0.3347
0.3825,0.2868,0.3307
0.3800,0.2880,0.3320
0.3815,0.2892,0.3293
0.3815,0.2892,0.3293
0.3831,0.2903,0.3266
0.3806,0.2915,0.3279
0.3821,0.2927,0.3252
0.3837,0.2939,0.3224
0.3821,0.2927,0.3252
0.3766,0.2929,0.3305
0.3798,0.2911,0.3291
0.3872,0.2894,0.3234
0.3872,0.2894,0.3234
0.3950,0.2941,0.3109
0.3898,0.2966,0.3136
0.3915,0.2979,0.3106
0.3904,0.2982,0.3114
0.3938,0.2920,0.3142
0.3929,0.2946,0.3125
0.3919,0.2973,0.3108
0.3991,0.3026,0.2983
0.4027,0.2941,0.3032
0.4019,0.2944,0.3037
0.4029,0.2938,0.3033
0.3990,0.2933,0.3077
0.3990,0.2981,0.3029
0.3980,0.3010,0.3010
0.4020,0.2990,0.2990
0.4010,0.2995,0.2995
0.4072,0.3041,0.2887
0.4114,0.2969,0.2917
0.4031,0.3037,0.2932
0.4053,0.3000,0.2947
0.4127,0.3016,0.2857
0.4127,0.3016,0.2857
0.4149,0.3032,0.2819
0.4149,0.3032,0.2819
0.4171,0.3102,0.2727
0.4225,0.3048,0.2727
0.4247,0.3065,0.2688
0.4247,0.3065,0.2688
0.4294,0.3043,0.2663
0.4286,0.3077,0.2637
0.4309,0.3094,0.2597
0.4389,0.3056,0.2555
0.4413,0.3073,0.2514
0.4382,0.3146,0.2472
0.4389,0.3111,0.2500
0.4451,0.3006,0.2543
0.4444,0.3041,0.2515
0.4497,0.3077,0.2426
0.4497,0.3018,0.2485
0.4491,0.3054,0.2455
0.4518,0.3072,0.2410
0.4545,0.3091,0.2364
0.4557,0.3165,0.2278
0.4601,0.3129,0.2270
0.4680,0.3141,0.2179
0.4675,0.3182,0.2143
0.4591,0.3396,0.2013
0.4684,0.3291,0.2025
0.4744,0.3269,0.1987
0.4710,0.3226,0.2064
0.4706,0.3268,0.2026
0.4765,0.3222,0.2013
0.4762,0.3265,0.1973
0.4797,0.3311,0.1892
0.4734,0.3333,0.1933
0.4797,0.3379,0.1824
0.4832,0.3356,0.1812
0.4899,0.3356,0.1745
0.4966,0.3333,0.1701
0.5071,0.3286,0.1643
0.5182,0.3285,0.1533
0.5217,0.3261,0.1522
0.5147,0.3309,0.1544
0.5147,0.3382,0.1471
0.5194,0.3333,0.1473
0.5156,0.3360,0.1484
0.5197,0.3386,0.1417
0.5280,0.3360,0.1360
0.5323,0.3387,0.1290
0.5322,0.3468,0.1210
0.5360,0.3520,0.1120
0.5360,0.3600,0.1040
0.5447,0.3740,0.0813
0.5528,0.3659,0.0813
0.5455,0.3719,0.0826
0.5454,0.3802,0.0744
0.5462,0.3866,0.0672
0.5536,0.3839,0.0625
0.5636,0.3818,0.0546
0.5688,0.3853,0.0459
0.5741,0.3981,0.0278
0.5741,0.3981,0.0278
0.5741,0.3981,0.0278
0.5849,0.3962,0.0189
0.5849,0.4057,0.0094
0.5849,0.4057,0.0094
0.5794,0.4112,0.0094
0.5849,0.4057,0.0094
0.5810,0.4095,0.0095
0.5810,0.4095,0.0095
0.5714,0.4191,0.0095
0.5810,0.4095,0.0095
0.5769,0.4231,0.0000
0.5810,0.4190,0.0000
0.5888,0.4112,0.0000
0.5833,0.4167,0.0000
0.6019,0.3981,0.0000
0.6075,0.3925,0.0000
0.6075,0.3925,0.0000
0.6111,0.3889,0.0000
0.6147,0.3853,0.0000
0.6147,0.3853,0.0000
0.6147,0.3853,0.0000
0.6147,0.3853,0.0000
0.6111,0.3889,0.0000
0.6111,0.3889,0.0000
0.6038,0.3962,0.0000
0.6038,0.3962,0.0000
0.6038,0.3962,0.0000
