# Pd,Pt,Ru
0.3412,0.3333,0.3255
0.3403,0.3351,0.3246
0.3421,0.3342,0.3237
0.3413,0.3333,0.3254
0.3404,0.3325,0.3271
0.3396,0.3342,0.3262
0.3387,0.3333,0.3280
0.3369,0.3342,0.3289
0.3379,0.3324,0.3297
0.3388,0.3306,0.3306
0.3379,0.3297,0.3324
0.3397,0.3260,0.3343
0.3389,0.3278,0.3333
0.3389,0.3278,0.3333
0.3389,0.3278,0.3333
0.3379,0.3269,0.3352
0.3333,0.3277,0.3390
0.3324,0.3268,0.3408
0.3333,0.3277,0.3390
0.3324,0.3267,0.3409
0.3343,0.3286,0.3371
0.3352,0.3296,0.3352
0.3352,0.3296,0.3352
0.3343,0.3314,0.3343
0.3324,0.3324,0.3352
0.3314,0.3314,0.3372
0.3294,0.3324,0.3382
0.3304,0.3304,0.3392
0.3294,0.3324,0.3382
0.3275,0.3333,0.3392
0.3284,0.3343,0.3373
0.3244,0.3363,0.3393
0.3244,0.3333,0.3423
0.3204,0.3353,0.3443
0.3193,0.3373,0.3434
0.3212,0.3364,0.3424
0.3201,0.3354,0.3445
0.3211,0.3333,0.3456
0.3221,0.3343,0.3436
0.3242,0.3333,0.3425
0.3200,0.3354,0.3446
0.3179,0.3364,0.3457
0.3199,0.3354,0.3447
0.3178,0.3364,0.3458
0.3178,0.3364,0.3458
0.3166,0.3386,0.3448
0.3176,0.3396,0.3428
0.3186,0.3407,0.3407
0.3155,0.3407,0.3438
0.3175,0.3397,0.3428
0.3195,0.3418,0.3387
0.3183,0.3441,0.3376
0.3183,0.3441,0.3376
0.3172,0.3430,0.3398
0.3159,0.3453,0.3388
0.3137,0.3464,0.3399
0.3158,0.3454,0.3388
0.3179,0.3444,0.3377
0.3133,0.3467,0.3400
0.3167,0.3400,0.3433
0.3177,0.3412,0.3411
0.3165,0.3434,0.3401
0.3186,0.3424,0.3390
0.3197,0.3436,0.3367
0.3208,0.3447,0.3345
0.3219,0.3459,0.3322
0.3230,0.3437,0.3333
0.3196,0.3471,0.3333
0.3196,0.3471,0.3333
0.3162,0.3505,0.3333
0.3172,0.3483,0.3345
0.3207,0.3448,0.3345
0.3218,0.3426,0.3356
0.3240,0.3380,0.3380
0.3252,0.3357,0.3391
0.3263,0.3333,0.3404
0.3239,0.3345,0.3416
0.3240,0.3345,0.3415
0.3264,0.3333,0.3403
0.3264,0.3333,0.3403
0.3275,0.3345,0.3380
0.3287,0.3322,0.3391
0.3263,0.3333,0.3404
0.3263,0.3333,0.3404
0.3275,0.3310,0.3415
0.3275,0.3310,0.3415
0.3275,0.3310,0.3415
0.3252,0.3322,0.3426
0.3252,0.3357,0.3391
0.3217,0.3357,0.3426
0.3182,0.3357,0.3461
0.3191,0.3369,0.3440
0.3178,0.3393,0.3429
0.3202,0.3381,0.3417
0.3202,0.3381,0.3417
0.3226,0.3369,0.3405
0.3249,0.3394,0.3357
0.3249,0.3394,0.3357
0.3225,0.3406,0.3369
0.3225,0.3442,0.3333
0.3225,0.3442,0.3333
0.3248,0.3394,0.3358
0.3248,0.3394,0.3358
0.3236,0.3418,0.3346
0.3236,0.3418,0.3346
0.3248,0.3431,0.3321
0.3235,0.3456,0.3309
0.3235,0.3419,0.3346
0.3235,0.3419,0.3346
0.3210,0.3432,0.3358
0.3222,0.3445,0.3333
0.3210,0.3469,0.3321
0.3197,0.3494,0.3309
0.3172,0.3507,0.3321
0.3134,0.3508,0.3358
0.3160,0.3494,0.3346
0.3134,0.3508,0.3358
0.3134,0.3545,0.3321
0.3134,0.3545,0.3321
0.3146,0.3521,0.3333
0.3146,0.3521,0.3333
0.3146,0.3521,0.3333
0.3123,0.3569,0.3308
0.3148,0.3556,0.3296
0.3172,0.3545,0.3283
0.3183,0.3521,0.3296
0.3207,0.3472,0.3321
0.3182,0.3485,0.3333
0.3206,0.3473,0.3321
0.3244,0.3473,0.3283
0.3231,0.3500,0.3269
0.3217,0.3527,0.3256
0.3243,0.3514,0.3243
0.3243,0.3514,0.3243
0.3243,0.3552,0.3205
0.3217,0.3566,0.3217
0.3256,0.3527,0.3217
0.3268,0.3541,0.3191
0.3281,0.3555,0.3164
0.3281,0.3555,0.3164
0.3242,0.3555,0.3203
0.3242,0.3555,0.3203
0.3241,0.3597,0.3162
0.3214,0.3611,0.3175
0.3214,0.3611,0.3175
0.3214,0.3572,0.3214
0.3240,0.3560,0.3200
0.3240,0.3560,0.3200
0.3240,0.3560,0.3200
0.3239,0.3563,0.3198
0.3209,0.3583,0.3208
0.3207,0.3629,0.3164
0.3191,0.3660,0.3149
0.3192,0.3702,0.3106
0.3192,0.3702,0.3106
0.3176,0.3734,0.3090
0.3217,0.3696,0.3087
0.3276,0.3664,0.3060
0.3276,0.3664,0.3060
0.3236,0.3776,0.2988
0.3222,0.3807,0.2971
0.3264,0.3807,0.2929
0.3291,0.3798,0.2911
0.3362,0.3745,0.2893
0.3362,0.3787,0.2851
0.3405,0.3793,0.2802
0.3405,0.3793,0.2802
0.3489,0.3787,0.2724
0.3519,0.3820,0.2661
0.3562,0.3777,0.2661
0.3535,0.3836,0.2629
0.3550,0.3853,0.2597
0.3636,0.3810,0.2554
0.3661,0.3794,0.2545
0.3640,0.3860,0.2500
0.3672,0.3894,0.2434
0.3706,0.3839,0.2455
0.3677,0.3901,0.2422
0.3677,0.3901,0.2422
0.3722,0.3901,0.2377
0.3767,0.3901,0.2332
0.3767,0.3946,0.2287
0.3801,0.3937,0.2262
0.3790,0.3973,0.2237
0.3790,0.4018,0.2192
0.3825,0.4055,0.2120
0.3807,0.4037,0.2156
0.3843,0.4120,0.2037
0.3825,0.4101,0.2074
0.3767,0.4140,0.2093
0.3803,0.4131,0.2066
0.3821,0.4151,0.2028
0.3832,0.4159,0.2009
0.3842,0.4237,0.1921
0.3831,0.4229,0.1940
0.3819,0.4221,0.1960
0.3826,0.4286,0.1888
0.3846,0.4256,0.1898
0.3846,0.4256,0.1898
0.3936,0.4149,0.1915
0.3867,0.4254,0.1879
0.3933,0.4326,0.1741
0.3977,0.4262,0.1761
0.3943,0.4343,0.1714
0.3931,0.4335,0.1734
0.3895,0.4361,0.1744
0.3895,0.4419,0.1686
0.3988,0.4393,0.1619
0.3953,0.4477,0.1570
0.4000,0.4471,0.1529
0.4012,0.4551,0.1437
0.4000,0.4606,0.1394
0.4000,0.4545,0.1455
0.4061,0.4545,0.1394
0.4085,0.4573,0.1342
0.4060,0.4667,0.1273
0.4024,0.4756,0.1220
0.4012,0.4815,0.1173
0.4111,0.4785,0.1104
0.4198,0.4753,0.1049
0.4161,0.4845,0.0994
0.4156,0.4935,0.0909
0.4106,0.4967,0.0927
0.4106,0.5033,0.0861
0.4106,0.5099,0.0795
0.4097,0.5208,0.0695
0.4114,0.5248,0.0638
0.4101,0.5252,0.0647
0.4044,0.5368,0.0588
0.4105,0.5373,0.0522
0.4060,0.5414,0.0526
0.4091,0.5379,0.0530
0.4060,0.5489,0.0451
0.4091,0.5530,0.0379
0.4046,0.5649,0.0305
0.4167,0.5606,0.0227
0.4320,0.5680,0.0000
0.4275,0.5649,0.0076
0.4286,0.5714,0.0000
0.4297,0.5625,0.0078
0.4286,0.5714,0.0000
0.4286,0.5714,0.0000
0.4286,0.5714,0.0000
0.4286,0.5714,0.0000
0.4240,0.5760,0.0000
0.4240,0.5760,0.0000
0.4240,0.5760,0.0000
0.4240,0.5760,0.0000
0.4274,0.5726,0.0000
0.4274,0.5726,0.0000
0.4274,0.5726,0.0000
0.4286,0.5635,0.0079
0.4206,0.5794,0.0000
0.4240,0.5680,0.0080
0.4355,0.5645,0.0000
0.4355,0.5645,0.0000
0.4320,0.5600,0.0080
0.4365,0.5635,0.0000
0.4365,0.5635,0.0000
0.4320,0.5680,0.0000
0.4355,0.5645,0.0000
0.4355,0.5645,0.0000
0.4444,0.5556,0.0000
0.4488,0.5512,0.0000
0.4531,0.5469,0.0000
