# Au,Cu,Pt
0.380,0.330,0.290
0.540,0.120,0.340
0.560,0.080,0.360
0.580,0.050,0.370
0.520,0.040,0.440
0.520,0.020,0.460
0.510,0.010,0.480
0.520,0.000,0.480
0.520,0.010,0.470
0.520,0.010,0.470
0.530,0.000,0.470
0.530,0.000,0.470
