# Au,Cu,Pt
0.3646,0.3177,0.3177
0.3639,0.3167,0.3194
0.3658,0.3132,0.3210
0.3641,0.3140,0.3219
0.3634,0.3130,0.3236
0.3617,0.3138,0.3245
0.3610,0.3128,0.3262
0.3619,0.3110,0.3271
0.3646,0.3110,0.3244
0.3646,0.3110,0.3244
0.3639,0.3127,0.3234
0.3622,0.3135,0.3243
0.3641,0.3125,0.3234
0.3634,0.3115,0.3251
0.3626,0.3105,0.3269
0.3591,0.3122,0.3287
0.3583,0.3139,0.3278
0.3603,0.3101,0.3296
0.3595,0.3118,0.3287
0.3577,0.3127,0.3296
0.3587,0.3136,0.3277
0.3551,0.3153,0.3296
0.3561,0.3163,0.3276
0.3543,0.3171,0.3286
0.3534,0.3161,0.3305
0.3497,0.3179,0.3324
0.3507,0.3160,0.3333
0.3507,0.3189,0.3304
0.3460,0.3197,0.3343
0.3441,0.3206,0.3353
0.3462,0.3195,0.3343
0.3452,0.3185,0.3363
0.3443,0.3204,0.3353
0.3404,0.3223,0.3373
0.3424,0.3212,0.3364
0.3404,0.3222,0.3374
0.3425,0.3211,0.3364
0.3436,0.3190,0.3374
0.3446,0.3169,0.3385
0.3457,0.3148,0.3395
0.3467,0.3158,0.3375
0.3489,0.3115,0.3396
0.3511,0.3103,0.3386
0.3522,0.3082,0.3396
0.3522,0.3113,0.3365
0.3522,0.3113,0.3365
0.3533,0.3123,0.3344
0.3533,0.3123,0.3344
0.3556,0.3079,0.3365
0.3535,0.3089,0.3376
0.3482,0.3131,0.3387
0.3462,0.3141,0.3397
0.3462,0.3141,0.3397
0.3484,0.3161,0.3355
0.3484,0.3161,0.3355
0.3474,0.3182,0.3344
0.3453,0.3192,0.3355
0.3410,0.3213,0.3377
0.3421,0.3224,0.3355
0.3433,0.3201,0.3366
0.3466,0.3168,0.3366
0.3466,0.3168,0.3366
0.3444,0.3179,0.3377
0.3455,0.3156,0.3389
0.3412,0.3177,0.3411
0.3401,0.3198,0.3401
0.3424,0.3152,0.3424
0.3424,0.3152,0.3424
0.3390,0.3152,0.3458
0.3412,0.3142,0.3446
0.3412,0.3142,0.3446
0.3356,0.3153,0.3491
0.3344,0.3176,0.3480
0.3345,0.3142,0.3513
0.3311,0.3176,0.3513
0.3300,0.3165,0.3535
0.3288,0.3153,0.3559
0.3311,0.3140,0.3549
0.3311,0.3140,0.3549
0.3299,0.3129,0.3572
0.3311,0.3140,0.3549
0.3322,0.3151,0.3527
0.3345,0.3140,0.3515
0.3333,0.3163,0.3504
0.3288,0.3185,0.3527
0.3265,0.3196,0.3539
0.3276,0.3207,0.3517
0.3230,0.3230,0.3540
0.3265,0.3230,0.3505
0.3276,0.3241,0.3483
0.3265,0.3230,0.3505
0.3287,0.3218,0.3495
0.3287,0.3218,0.3495
0.3310,0.3171,0.3519
0.3298,0.3158,0.3544
0.3298,0.3158,0.3544
0.3275,0.3169,0.3556
0.3275,0.3204,0.3521
0.3298,0.3191,0.3511
0.3298,0.3191,0.3511
0.3286,0.3216,0.3498
0.3286,0.3216,0.3498
0.3298,0.3191,0.3511
0.3298,0.3191,0.3511
0.3286,0.3180,0.3534
0.3274,0.3167,0.3559
0.3274,0.3203,0.3523
0.3297,0.3190,0.3513
0.3309,0.3166,0.3525
0.3333,0.3152,0.3515
0.3358,0.3102,0.3540
0.3382,0.3125,0.3493
0.3370,0.3111,0.3519
0.3358,0.3100,0.3542
0.3333,0.3111,0.3556
0.3370,0.3074,0.3556
0.3370,0.3037,0.3593
0.3346,0.3048,0.3606
0.3321,0.3100,0.3579
0.3308,0.3123,0.3569
0.3346,0.3085,0.3569
0.3358,0.3060,0.3582
0.3346,0.3083,0.3571
0.3346,0.3120,0.3534
0.3383,0.3083,0.3534
0.3396,0.3094,0.3510
0.3371,0.3106,0.3523
0.3384,0.3118,0.3498
0.3384,0.3118,0.3498
0.3384,0.3080,0.3536
0.3384,0.3080,0.3536
0.3372,0.3065,0.3563
0.3359,0.3089,0.3552
0.3359,0.3127,0.3514
0.3359,0.3127,0.3514
0.3359,0.3127,0.3514
0.3372,0.3140,0.3488
0.3372,0.3140,0.3488
0.3359,0.3164,0.3477
0.3373,0.3176,0.3451
0.3386,0.3189,0.3425
0.3360,0.3162,0.3478
0.3387,0.3187,0.3426
0.3400,0.3200,0.3400
0.3426,0.3187,0.3387
0.3440,0.3200,0.3360
0.3440,0.3240,0.3320
0.3466,0.3227,0.3307
0.3454,0.3213,0.3333
0.3454,0.3213,0.3333
0.3454,0.3213,0.3333
0.3454,0.3213,0.3333
0.3427,0.3226,0.3347
0.3427,0.3226,0.3347
0.3427,0.3226,0.3347
0.3427,0.3226,0.3347
0.3441,0.3239,0.3320
0.3441,0.3239,0.3320
0.3375,0.3250,0.3375
0.3418,0.3291,0.3291
0.3391,0.3261,0.3348
0.3392,0.3260,0.3348
0.3407,0.3230,0.3363
0.3438,0.3214,0.3348
0.3408,0.3184,0.3408
0.3437,0.3170,0.3393
0.3424,0.3153,0.3423
0.3453,0.3139,0.3408
0.3453,0.3139,0.3408
0.3543,0.3049,0.3408
0.3543,0.3049,0.3408
0.3559,0.3018,0.3423
0.3575,0.2986,0.3439
0.3545,0.3000,0.3455
0.3532,0.2982,0.3486
0.3518,0.2963,0.3519
0.3535,0.2930,0.3535
0.3615,0.2817,0.3568
0.3538,0.2877,0.3585
0.3538,0.2877,0.3585
0.3538,0.2877,0.3585
0.3505,0.2850,0.3645
0.3538,0.2830,0.3632
0.3571,0.2762,0.3667
0.3554,0.2749,0.3697
0.3602,0.2701,0.3697
0.3589,0.2679,0.3732
0.3541,0.2631,0.3828
0.3558,0.2596,0.3846
0.3582,0.2537,0.3881
0.3544,0.2573,0.3883
0.3627,0.2451,0.3922
0.3610,0.2488,0.3902
0.3610,0.2488,0.3902
0.3544,0.2476,0.3980
0.3561,0.2439,0.4000
0.3578,0.2451,0.3971
0.3596,0.2414,0.3990
0.3632,0.2388,0.3980
0.3632,0.2388,0.3980
0.3618,0.2362,0.4020
0.3618,0.2362,0.4020
0.3636,0.2323,0.4041
0.3560,0.2304,0.4136
0.3636,0.2273,0.4091
0.3724,0.2245,0.4031
0.3598,0.2275,0.4127
0.3564,0.2287,0.4149
0.3583,0.2192,0.4225
0.3542,0.2187,0.4271
0.3514,0.2162,0.4324
0.3516,0.2143,0.4341
0.3646,0.2210,0.4144
0.3667,0.2111,0.4222
0.3667,0.2111,0.4222
0.3729,0.2090,0.4181
0.3750,0.2045,0.4205
0.3787,0.2012,0.4201
0.3886,0.1943,0.4171
0.3908,0.1897,0.4195
0.4012,0.1802,0.4186
0.3966,0.1839,0.4195
0.3988,0.1792,0.4220
0.4012,0.1744,0.4244
0.4000,0.1758,0.4242
0.4000,0.1697,0.4303
0.4000,0.1636,0.4364
0.4025,0.1646,0.4329
0.4025,0.1646,0.4329
0.4025,0.1646,0.4329
0.4074,0.1543,0.4383
0.4074,0.1543,0.4383
0.4136,0.1481,0.4383
0.4099,0.1491,0.4410
0.4151,0.1509,0.4340
0.4177,0.1519,0.4304
0.4204,0.1465,0.4331
0.4258,0.1419,0.4323
0.4257,0.1419,0.4324
0.4315,0.1370,0.4315
0.4315,0.1370,0.4315
0.4305,0.1389,0.4306
0.4305,0.1389,0.4306
0.4266,0.1398,0.4336
0.4305,0.1389,0.4306
0.4305,0.1389,0.4306
0.4366,0.1268,0.4366
0.4335,0.1329,0.4336
0.4429,0.1214,0.4357
0.4397,0.1206,0.4397
0.4532,0.1151,0.4317
0.4532,0.1151,0.4317
0.4565,0.1160,0.4275
0.4638,0.1087,0.4275
0.4741,0.0963,0.4296
0.4779,0.0956,0.4265
0.4889,0.0815,0.4296
0.4851,0.0821,0.4328
0.4887,0.0752,0.4361
0.4924,0.0682,0.4394
0.4962,0.0534,0.4504
0.4962,0.0534,0.4504
0.5038,0.0458,0.4504
0.5077,0.0385,0.4538
0.5154,0.0308,0.4538
0.5235,0.0234,0.4531
0.5289,0.0165,0.4546
0.5339,0.0085,0.4576
0.5294,0.0168,0.4538
0.5417,0.0083,0.4500
0.5417,0.0083,0.4500
0.5500,0.0000,0.4500
0.5620,0.0000,0.4380
0.5537,0.0083,0.4380
0.5583,0.0000,0.4417
0.5726,0.0000,0.4274
0.5610,0.0081,0.4309
0.5620,0.0000,0.4380
0.5620,0.0000,0.4380
0.5537,0.0000,0.4463
0.5455,0.0000,0.4545
0.5455,0.0000,0.4545
0.5492,0.0000,0.4508
0.5492,0.0000,0.4508
0.5447,0.0000,0.4553
0.5492,0.0000,0.4508
0.5537,0.0000,0.4463
0.5492,0.0000,0.4508
0.5447,0.0081,0.4472
0.5484,0.0081,0.4435
0.5528,0.0000,0.4472
0.5600,0.0000,0.4400
0.5590,0.0079,0.4331
0.5520,0.0000,0.4480
0.5520,0.0080,0.4400
0.5528,0.0000,0.4472
0.5440,0.0160,0.4400
0.5574,0.0000,0.4426
0.5500,0.0000,0.4500
0.5454,0.0083,0.4463
0.5500,0.0000,0.4500
0.5500,0.0000,0.4500
0.5546,0.0000,0.4454
0.5508,0.0000,0.4492
