# Au,Cu,Pt
0.3516,0.2864,0.3620
0.3508,0.2853,0.3639
0.3526,0.2816,0.3658
0.3519,0.2804,0.3677
0.3501,0.2812,0.3687
0.3484,0.2819,0.3697
0.3476,0.2834,0.3690
0.3495,0.2822,0.3683
0.3513,0.2838,0.3649
0.3505,0.2826,0.3669
0.3497,0.2814,0.3689
0.3507,0.2794,0.3699
0.3534,0.2767,0.3699
0.3526,0.2782,0.3692
0.3554,0.2755,0.3691
0.3574,0.2742,0.3684
0.3593,0.2730,0.3677
0.3603,0.2738,0.3659
0.3603,0.2766,0.3631
0.3595,0.2753,0.3652
0.3577,0.2761,0.3662
0.3588,0.2768,0.3644
0.3580,0.2784,0.3636
0.3600,0.2743,0.3657
0.3582,0.2751,0.3667
0.3592,0.2759,0.3649
0.3602,0.2767,0.3631
0.3565,0.2783,0.3652
0.3557,0.2799,0.3644
0.3567,0.2778,0.3655
0.3559,0.2794,0.3647
0.3569,0.2803,0.3628
0.3591,0.2789,0.3620
0.3601,0.2768,0.3631
0.3612,0.2746,0.3642
0.3593,0.2784,0.3623
0.3615,0.2771,0.3614
0.3615,0.2771,0.3614
0.3606,0.2788,0.3606
0.3587,0.2796,0.3617
0.3578,0.2783,0.3639
0.3578,0.2783,0.3639
0.3569,0.2769,0.3662
0.3580,0.2778,0.3642
0.3591,0.2787,0.3622
0.3602,0.2764,0.3634
0.3602,0.2764,0.3634
0.3622,0.2756,0.3622
0.3634,0.2764,0.3602
0.3634,0.2764,0.3602
0.3653,0.2756,0.3591
0.3625,0.2750,0.3625
0.3625,0.2750,0.3625
0.3637,0.2727,0.3636
0.3659,0.2713,0.3628
0.3648,0.2704,0.3648
0.3671,0.2690,0.3639
0.3683,0.2698,0.3619
0.3694,0.2707,0.3599
0.3702,0.2690,0.3608
0.3723,0.2681,0.3596
0.3702,0.2690,0.3608
0.3726,0.2643,0.3631
0.3738,0.2652,0.3610
0.3782,0.2628,0.3590
0.3762,0.2637,0.3601
0.3742,0.2645,0.3613
0.3754,0.2621,0.3625
0.3734,0.2630,0.3636
0.3713,0.2639,0.3648
0.3713,0.2639,0.3648
0.3713,0.2639,0.3648
0.3672,0.2656,0.3672
0.3664,0.2673,0.3663
0.3642,0.2682,0.3676
0.3642,0.2682,0.3676
0.3600,0.2700,0.3700
0.3600,0.2667,0.3733
0.3615,0.2669,0.3716
0.3591,0.2651,0.3758
0.3557,0.2651,0.3792
0.3581,0.2669,0.3750
0.3593,0.2644,0.3763
0.3605,0.2619,0.3776
0.3627,0.2610,0.3763
0.3639,0.2619,0.3742
0.3639,0.2619,0.3742
0.3639,0.2585,0.3776
0.3652,0.2594,0.3754
0.3664,0.2603,0.3733
0.3698,0.2603,0.3699
0.3712,0.2577,0.3711
0.3712,0.2577,0.3711
0.3702,0.2561,0.3737
0.3715,0.2535,0.3750
0.3741,0.2518,0.3741
0.3768,0.2500,0.3732
0.3759,0.2482,0.3759
0.3772,0.2456,0.3772
0.3786,0.2464,0.3750
0.3799,0.2473,0.3728
0.3786,0.2464,0.3750
0.3799,0.2473,0.3728
0.3813,0.2482,0.3705
0.3827,0.2491,0.3682
0.3835,0.2473,0.3692
0.3835,0.2473,0.3692
0.3813,0.2482,0.3705
0.3835,0.2473,0.3692
0.3871,0.2437,0.3692
0.3871,0.2473,0.3656
0.3863,0.2491,0.3646
0.3855,0.2509,0.3636
0.3832,0.2518,0.3650
0.3796,0.2518,0.3686
0.3809,0.2491,0.3700
0.3846,0.2454,0.3700
0.3832,0.2482,0.3686
0.3832,0.2482,0.3686
0.3883,0.2454,0.3663
0.3883,0.2454,0.3663
0.3891,0.2436,0.3673
0.3927,0.2400,0.3673
0.3956,0.2381,0.3663
0.3948,0.2399,0.3653
0.3948,0.2399,0.3653
0.3963,0.2370,0.3667
0.3941,0.2379,0.3680
0.3970,0.2397,0.3633
0.3970,0.2360,0.3670
0.3970,0.2360,0.3670
0.3933,0.2359,0.3708
0.3895,0.2397,0.3708
0.3925,0.2377,0.3698
0.3924,0.2340,0.3736
0.3954,0.2358,0.3688
0.3954,0.2358,0.3688
0.3931,0.2367,0.3702
0.3961,0.2385,0.3654
0.3992,0.2403,0.3605
0.3984,0.2422,0.3594
0.3984,0.2422,0.3594
0.3976,0.2402,0.3622
0.4008,0.2381,0.3611
0.4087,0.2341,0.3572
0.4082,0.2245,0.3673
0.4091,0.2273,0.3636
0.4108,0.2282,0.3610
0.4142,0.2260,0.3598
0.4167,0.2250,0.3583
0.4142,0.2260,0.3598
0.4095,0.2241,0.3664
0.4153,0.2203,0.3644
0.4103,0.2179,0.3718
0.4138,0.2112,0.3750
0.4138,0.2112,0.3750
0.4163,0.2103,0.3734
0.4242,0.2035,0.3723
0.4199,0.2035,0.3766
0.4241,0.1964,0.3795
0.4254,0.1930,0.3816
0.4217,0.1957,0.3826
0.4236,0.1921,0.3843
0.4254,0.1886,0.3860
0.4254,0.1886,0.3860
0.4236,0.1921,0.3843
0.4279,0.1878,0.3843
0.4254,0.1842,0.3904
0.4273,0.1806,0.3921
0.4311,0.1778,0.3911
0.4358,0.1743,0.3899
0.4414,0.1712,0.3874
0.4409,0.1682,0.3909
0.4414,0.1667,0.3919
0.4419,0.1674,0.3907
0.4375,0.1683,0.3942
0.4423,0.1635,0.3942
0.4417,0.1602,0.3981
0.4390,0.1561,0.4049
0.4483,0.1478,0.4039
0.4456,0.1485,0.4059
0.4406,0.1485,0.4109
0.4450,0.1450,0.4100
0.4472,0.1407,0.4121
0.4518,0.1370,0.4112
0.4450,0.1400,0.4150
0.4444,0.1364,0.4192
0.4467,0.1320,0.4213
0.4444,0.1263,0.4293
0.4394,0.1263,0.4343
0.4388,0.1224,0.4388
0.4416,0.1218,0.4366
0.4394,0.1212,0.4394
0.4366,0.1218,0.4416
0.4416,0.1218,0.4366
0.4410,0.1231,0.4359
0.4433,0.1186,0.4381
0.4450,0.1152,0.4398
0.4503,0.1099,0.4398
0.4511,0.1033,0.4456
0.4505,0.1044,0.4451
0.4570,0.0968,0.4462
0.4570,0.0968,0.4462
0.4595,0.0919,0.4486
0.4699,0.0820,0.4481
0.4645,0.0874,0.4481
0.4696,0.0829,0.4475
0.4778,0.0778,0.4444
0.4746,0.0734,0.4520
0.4689,0.0678,0.4633
0.4693,0.0670,0.4637
0.4667,0.0611,0.4722
0.4699,0.0656,0.4645
0.4696,0.0608,0.4696
0.4778,0.0555,0.4667
0.4778,0.0555,0.4667
0.4775,0.0506,0.4719
0.4830,0.0454,0.4716
0.4915,0.0396,0.4689
0.4971,0.0343,0.4686
0.5028,0.0283,0.4689
0.5059,0.0235,0.4706
0.5029,0.0237,0.4734
0.5119,0.0179,0.4702
0.5342,0.0124,0.4534
0.5337,0.0184,0.4479
0.5342,0.0124,0.4534
0.5375,0.0063,0.4562
0.5375,0.0063,0.4562
0.5317,0.0063,0.4620
0.5317,0.0063,0.4620
0.5350,0.0064,0.4586
0.5385,0.0064,0.4551
0.5346,0.0063,0.4591
0.5312,0.0063,0.4625
0.5342,0.0062,0.4596
0.5250,0.0062,0.4688
0.5280,0.0062,0.4658
0.5312,0.0000,0.4688
0.5253,0.0000,0.4747
0.5190,0.0063,0.4747
0.5190,0.0000,0.4810
0.5187,0.0000,0.4813
0.5093,0.0000,0.4907
0.5061,0.0061,0.4878
0.5092,0.0000,0.4908
0.5031,0.0061,0.4908
0.5000,0.0061,0.4939
0.5061,0.0000,0.4939
0.5092,0.0000,0.4908
0.5093,0.0000,0.4907
0.5093,0.0000,0.4907
0.5062,0.0000,0.4938
0.5062,0.0000,0.4938
0.5000,0.0000,0.5000
0.5064,0.0000,0.4936
0.5032,0.0000,0.4968
0.5032,0.0000,0.4968
0.5065,0.0000,0.4935
0.5032,0.0065,0.4903
0.5098,0.0000,0.4902
0.5130,0.0000,0.4870
0.5064,0.0064,0.4872
0.5097,0.0000,0.4903
