# Au,Cu,Pt
0.330,0.340,0.330
0.400,0.180,0.420
0.420,0.100,0.480
0.340,0.080,0.580
0.340,0.040,0.620
0.360,0.010,0.630
0.360,0.010,0.630
0.350,0.000,0.650
0.360,0.000,0.640
0.360,0.010,0.630
0.350,0.010,0.640
0.350,0.000,0.650
