# Au,Cu,Pt
0.3698,0.2865,0.3437
0.3691,0.2880,0.3429
0.3684,0.2895,0.3421
0.3704,0.2883,0.3413
0.3697,0.2899,0.3404
0.3680,0.2907,0.3413
0.3646,0.2922,0.3432
0.3639,0.2911,0.3450
0.3631,0.2927,0.3442
0.3641,0.2908,0.3451
0.3571,0.2940,0.3489
0.3591,0.2928,0.3481
0.3591,0.2928,0.3481
0.3601,0.2909,0.3490
0.3593,0.2897,0.3510
0.3614,0.2885,0.3501
0.3606,0.2901,0.3493
0.3616,0.2881,0.3503
0.3626,0.2861,0.3513
0.3647,0.2820,0.3533
0.3657,0.2800,0.3543
0.3678,0.2759,0.3563
0.3689,0.2738,0.3573
0.3652,0.2754,0.3594
0.3634,0.2761,0.3605
0.3644,0.2741,0.3615
0.3636,0.2757,0.3607
0.3666,0.2756,0.3578
0.3628,0.2773,0.3599
0.3620,0.2789,0.3591
0.3612,0.2806,0.3582
0.3593,0.2814,0.3593
0.3603,0.2793,0.3604
0.3615,0.2771,0.3614
0.3636,0.2788,0.3576
0.3648,0.2796,0.3556
0.3659,0.2774,0.3567
0.3639,0.2783,0.3578
0.3670,0.2752,0.3578
0.3681,0.2730,0.3589
0.3704,0.2716,0.3580
0.3715,0.2694,0.3591
0.3696,0.2702,0.3602
0.3707,0.2679,0.3614
0.3688,0.2687,0.3625
0.3656,0.2688,0.3656
0.3656,0.2688,0.3656
0.3656,0.2688,0.3656
0.3616,0.2705,0.3679
0.3608,0.2721,0.3671
0.3619,0.2730,0.3651
0.3610,0.2716,0.3674
0.3631,0.2707,0.3662
0.3622,0.2724,0.3654
0.3613,0.2710,0.3677
0.3601,0.2733,0.3666
0.3601,0.2733,0.3666
0.3601,0.2733,0.3666
0.3581,0.2742,0.3677
0.3604,0.2727,0.3669
0.3595,0.2712,0.3693
0.3609,0.2682,0.3709
0.3600,0.2667,0.3733
0.3612,0.2676,0.3712
0.3600,0.2667,0.3733
0.3624,0.2651,0.3725
0.3624,0.2651,0.3725
0.3636,0.2626,0.3738
0.3615,0.2635,0.3750
0.3615,0.2635,0.3750
0.3639,0.2653,0.3708
0.3652,0.2662,0.3686
0.3643,0.2680,0.3677
0.3621,0.2689,0.3690
0.3646,0.2639,0.3715
0.3646,0.2639,0.3715
0.3637,0.2657,0.3706
0.3649,0.2667,0.3684
0.3675,0.2685,0.3640
0.3665,0.2705,0.3630
0.3692,0.2724,0.3584
0.3669,0.2734,0.3597
0.3659,0.2754,0.3587
0.3646,0.2780,0.3574
0.3600,0.2800,0.3600
0.3613,0.2774,0.3613
0.3640,0.2720,0.3640
0.3640,0.2720,0.3640
0.3616,0.2731,0.3653
0.3603,0.2757,0.3640
0.3590,0.2784,0.3626
0.3592,0.2778,0.3630
0.3555,0.2815,0.3630
0.3555,0.2852,0.3593
0.3569,0.2825,0.3606
0.3555,0.2852,0.3593
0.3582,0.2836,0.3582
0.3569,0.2862,0.3569
0.3569,0.2862,0.3569
0.3569,0.2900,0.3531
0.3531,0.2937,0.3532
0.3545,0.2948,0.3507
0.3558,0.2959,0.3483
0.3496,0.2970,0.3534
0.3496,0.2970,0.3534
0.3496,0.2932,0.3572
0.3509,0.2906,0.3585
0.3498,0.2928,0.3574
0.3496,0.2970,0.3534
0.3483,0.2959,0.3558
0.3507,0.2948,0.3545
0.3534,0.2932,0.3534
0.3510,0.2943,0.3547
0.3510,0.2943,0.3547
0.3536,0.2966,0.3498
0.3550,0.2977,0.3473
0.3550,0.2977,0.3473
0.3512,0.2977,0.3511
0.3512,0.2977,0.3511
0.3538,0.2962,0.3500
0.3512,0.2977,0.3511
0.3498,0.3004,0.3498
0.3498,0.3004,0.3498
0.3487,0.2988,0.3525
0.3500,0.3000,0.3500
0.3500,0.3000,0.3500
0.3500,0.3000,0.3500
0.3513,0.3012,0.3475
0.3500,0.3000,0.3500
0.3500,0.3000,0.3500
0.3527,0.3023,0.3450
0.3541,0.3035,0.3424
0.3555,0.3008,0.3437
0.3555,0.3008,0.3437
0.3529,0.3020,0.3451
0.3529,0.3020,0.3451
0.3583,0.2992,0.3425
0.3563,0.2955,0.3482
0.3557,0.2965,0.3478
0.3597,0.2925,0.3478
0.3611,0.2857,0.3532
0.3625,0.2869,0.3506
0.3640,0.2840,0.3520
0.3655,0.2851,0.3494
0.3655,0.2811,0.3534
0.3669,0.2782,0.3549
0.3644,0.2793,0.3563
0.3633,0.2775,0.3592
0.3571,0.2815,0.3614
0.3574,0.2809,0.3617
0.3574,0.2766,0.3660
0.3621,0.2672,0.3707
0.3621,0.2672,0.3707
0.3636,0.2641,0.3723
0.3636,0.2641,0.3723
0.3718,0.2564,0.3718
0.3734,0.2532,0.3734
0.3717,0.2478,0.3805
0.3722,0.2466,0.3812
0.3710,0.2489,0.3801
0.3699,0.2511,0.3790
0.3756,0.2443,0.3801
0.3790,0.2420,0.3790
0.3853,0.2431,0.3716
0.3889,0.2361,0.3750
0.3925,0.2383,0.3692
0.3972,0.2336,0.3692
0.4084,0.2254,0.3662
0.4038,0.2253,0.3709
0.4057,0.2217,0.3726
0.4076,0.2180,0.3744
0.4123,0.2133,0.3744
0.4115,0.2105,0.3780
0.4109,0.2079,0.3812
0.4121,0.2060,0.3819
0.4071,0.2060,0.3869
0.4011,0.2083,0.3906
0.3990,0.2072,0.3938
0.3979,0.2042,0.3979
0.3967,0.1957,0.4076
0.4000,0.2000,0.4000
0.3989,0.1968,0.4043
0.4054,0.1946,0.4000
0.4076,0.1902,0.4022
0.4098,0.1913,0.3989
0.4121,0.1868,0.4011
0.4167,0.1778,0.4055
0.4213,0.1798,0.3989
0.4213,0.1742,0.4045
0.4229,0.1657,0.4114
0.4261,0.1648,0.4091
0.4213,0.1742,0.4045
0.4261,0.1648,0.4091
0.4253,0.1667,0.4080
0.4286,0.1600,0.4114
0.4277,0.1561,0.4162
0.4328,0.1520,0.4152
0.4379,0.1479,0.4142
0.4353,0.1471,0.4176
0.4417,0.1411,0.4172
0.4438,0.1437,0.4125
0.4430,0.1393,0.4177
0.4437,0.1391,0.4172
0.4534,0.1333,0.4133
0.4545,0.1329,0.4126
0.4583,0.1320,0.4097
0.4648,0.1268,0.4084
0.4714,0.1143,0.4143
0.4643,0.1214,0.4143
0.4710,0.1087,0.4203
0.4722,0.1111,0.4167
0.4690,0.1103,0.4207
0.4722,0.1042,0.4236
0.4792,0.0972,0.4236
0.4789,0.0915,0.4296
0.4815,0.0889,0.4296
0.4889,0.0815,0.4296
0.4927,0.0735,0.4338
0.4894,0.0638,0.4468
0.4859,0.0634,0.4507
0.4859,0.0634,0.4507
0.4894,0.0567,0.4539
0.4894,0.0567,0.4539
0.4823,0.0567,0.4610
0.4894,0.0425,0.4681
0.4894,0.0425,0.4681
0.4964,0.0355,0.4681
0.4964,0.0284,0.4752
0.5035,0.0213,0.4752
0.5108,0.0144,0.4748
0.5145,0.0145,0.4710
0.5259,0.0074,0.4667
0.5221,0.0073,0.4706
0.5149,0.0075,0.4776
0.5185,0.0074,0.4741
0.5224,0.0000,0.4776
0.5224,0.0000,0.4776
0.5224,0.0000,0.4776
0.5259,0.0000,0.4741
0.5263,0.0000,0.4737
0.5191,0.0000,0.4809
0.5194,0.0000,0.4806
0.5191,0.0076,0.4733
0.5191,0.0076,0.4733
0.5116,0.0000,0.4884
0.5111,0.0074,0.4815
0.5224,0.0000,0.4776
0.5185,0.0074,0.4741
0.5185,0.0074,0.4741
0.5263,0.0000,0.4737
0.5263,0.0000,0.4737
0.5259,0.0074,0.4667
0.5263,0.0000,0.4737
0.5224,0.0075,0.4701
0.5263,0.0000,0.4737
0.5373,0.0000,0.4627
0.5338,0.0000,0.4662
0.5344,0.0000,0.4656
0.5224,0.0075,0.4701
0.5263,0.0000,0.4737
0.5263,0.0000,0.4737
0.5263,0.0000,0.4737
0.5344,0.0000,0.4656
0.5379,0.0000,0.4621
0.5407,0.0074,0.4519
0.5489,0.0000,0.4511
0.5522,0.0075,0.4403
0.5564,0.0000,0.4436
0.5489,0.0075,0.4436
0.5573,0.0000,0.4427
0.5649,0.0000,0.4351
0.5606,0.0076,0.4318
0.5615,0.0000,0.4385
