# Au,Cu,Pt
0.3021,0.3307,0.3672
0.2984,0.3325,0.3691
0.2974,0.3316,0.3710
0.2981,0.3325,0.3694
0.2971,0.3316,0.3713
0.2960,0.3307,0.3733
0.2968,0.3315,0.3717
0.2976,0.3298,0.3726
0.2976,0.3298,0.3726
0.2984,0.3280,0.3736
0.2973,0.3270,0.3757
0.2973,0.3270,0.3757
0.2954,0.3279,0.3767
0.2981,0.3279,0.3740
0.2997,0.3243,0.3760
0.3006,0.3251,0.3743
0.3022,0.3242,0.3736
0.3050,0.3214,0.3736
0.3066,0.3232,0.3702
0.3075,0.3241,0.3684
0.3064,0.3231,0.3705
0.3081,0.3221,0.3698
0.3073,0.3212,0.3715
0.3073,0.3240,0.3687
0.3062,0.3230,0.3708
0.3079,0.3192,0.3729
0.3079,0.3192,0.3729
0.3068,0.3210,0.3722
0.3097,0.3210,0.3693
0.3097,0.3210,0.3693
0.3097,0.3210,0.3693
0.3077,0.3219,0.3704
0.3048,0.3248,0.3704
0.3009,0.3266,0.3725
0.3026,0.3256,0.3718
0.3006,0.3266,0.3728
0.2986,0.3275,0.3739
0.2974,0.3294,0.3732
0.2962,0.3284,0.3754
0.2970,0.3265,0.3765
0.2979,0.3245,0.3776
0.2938,0.3264,0.3798
0.2946,0.3244,0.3810
0.2955,0.3224,0.3821
0.2934,0.3234,0.3832
0.2934,0.3234,0.3832
0.2934,0.3264,0.3802
0.2922,0.3253,0.3825
0.2930,0.3263,0.3807
0.2931,0.3293,0.3776
0.2913,0.3333,0.3754
0.2900,0.3354,0.3746
0.2888,0.3343,0.3769
0.2896,0.3354,0.3750
0.2884,0.3374,0.3742
0.2901,0.3364,0.3735
0.2923,0.3354,0.3723
0.2954,0.3354,0.3692
0.2972,0.3344,0.3684
0.2981,0.3354,0.3665
0.2960,0.3364,0.3676
0.2947,0.3385,0.3668
0.2956,0.3396,0.3648
0.2975,0.3386,0.3639
0.2962,0.3408,0.3630
0.2949,0.3429,0.3622
0.2968,0.3419,0.3613
0.2945,0.3430,0.3625
0.2945,0.3463,0.3592
0.2954,0.3442,0.3604
0.2941,0.3431,0.3628
0.2964,0.3420,0.3616
0.2997,0.3420,0.3583
0.3007,0.3431,0.3562
0.3016,0.3410,0.3574
0.3036,0.3399,0.3565
0.3023,0.3422,0.3555
0.3044,0.3411,0.3545
0.3064,0.3401,0.3535
0.3064,0.3401,0.3535
0.3051,0.3424,0.3525
0.3051,0.3424,0.3525
0.3051,0.3424,0.3525
0.3038,0.3447,0.3515
0.3058,0.3402,0.3540
0.3048,0.3425,0.3527
0.3080,0.3356,0.3564
0.3090,0.3368,0.3542
0.3056,0.3368,0.3576
0.3021,0.3368,0.3611
0.3053,0.3368,0.3579
0.3053,0.3368,0.3579
0.3074,0.3322,0.3604
0.3053,0.3298,0.3649
0.3003,0.3322,0.3675
0.3025,0.3274,0.3701
0.3004,0.3286,0.3710
0.3003,0.3251,0.3746
0.3025,0.3274,0.3701
0.3036,0.3286,0.3678
0.3046,0.3262,0.3692
0.3033,0.3249,0.3718
0.3033,0.3249,0.3718
0.3055,0.3236,0.3709
0.3080,0.3224,0.3696
0.3102,0.3212,0.3686
0.3125,0.3199,0.3676
0.3136,0.3137,0.3727
0.3160,0.3123,0.3717
0.3134,0.3134,0.3732
0.3158,0.3158,0.3684
0.3144,0.3144,0.3712
0.3144,0.3144,0.3712
0.3144,0.3144,0.3712
0.3144,0.3144,0.3712
0.3106,0.3144,0.3750
0.3106,0.3144,0.3750
0.3144,0.3144,0.3712
0.3118,0.3156,0.3726
0.3080,0.3194,0.3726
0.3103,0.3142,0.3755
0.3103,0.3142,0.3755
0.3103,0.3142,0.3755
0.3089,0.3166,0.3745
0.3089,0.3166,0.3745
0.3101,0.3178,0.3721
0.3089,0.3205,0.3706
0.3089,0.3205,0.3706
0.3074,0.3191,0.3735
0.3074,0.3191,0.3735
0.3074,0.3191,0.3735
0.3074,0.3191,0.3735
0.3101,0.3178,0.3721
0.3101,0.3178,0.3721
0.3113,0.3152,0.3735
0.3125,0.3125,0.3750
0.3071,0.3150,0.3779
0.3083,0.3162,0.3755
0.3068,0.3147,0.3785
0.3068,0.3147,0.3785
0.3092,0.3173,0.3735
0.3117,0.3158,0.3725
0.3145,0.3145,0.3710
0.3145,0.3145,0.3710
0.3145,0.3145,0.3710
0.3171,0.3171,0.3658
0.3184,0.3184,0.3632
0.3184,0.3143,0.3673
0.3171,0.3171,0.3658
0.3143,0.3184,0.3673
0.3127,0.3169,0.3704
0.3127,0.3169,0.3704
0.3127,0.3169,0.3704
0.3099,0.3182,0.3719
0.3083,0.3167,0.3750
0.3041,0.3167,0.3792
0.3041,0.3167,0.3792
0.3054,0.3180,0.3766
0.3038,0.3207,0.3755
0.3123,0.3122,0.3755
0.3149,0.3106,0.3745
0.3149,0.3106,0.3745
0.3176,0.3133,0.3691
0.3176,0.3090,0.3734
0.3133,0.3047,0.3820
0.3097,0.3009,0.3894
0.3247,0.2987,0.3766
0.3214,0.2947,0.3839
0.3167,0.2987,0.3846
0.3196,0.3014,0.3790
0.3226,0.2949,0.3825
0.3241,0.2917,0.3842
0.3256,0.2930,0.3814
0.3256,0.2884,0.3860
0.3286,0.2864,0.3850
0.3256,0.2837,0.3907
0.3286,0.2817,0.3897
0.3317,0.2749,0.3934
0.3318,0.2701,0.3981
0.3333,0.2714,0.3953
0.3397,0.2679,0.3924
0.3414,0.2692,0.3894
0.3383,0.2687,0.3930
0.3349,0.2670,0.3981
0.3367,0.2613,0.4020
0.3366,0.2634,0.4000
0.3382,0.2598,0.4020
0.3416,0.2574,0.4010
0.3483,0.2487,0.4030
0.3500,0.2500,0.4000
0.3467,0.2513,0.4020
0.3437,0.2448,0.4115
0.3401,0.2487,0.4112
0.3401,0.2487,0.4112
0.3436,0.2410,0.4154
0.3436,0.2359,0.4205
0.3401,0.2386,0.4213
0.3368,0.2316,0.4316
0.3316,0.2299,0.4385
0.3316,0.2299,0.4385
0.3298,0.2340,0.4362
0.3316,0.2299,0.4385
0.3297,0.2270,0.4433
0.3315,0.2228,0.4457
0.3333,0.2204,0.4463
0.3279,0.2076,0.4645
0.3297,0.2033,0.4670
0.3333,0.2000,0.4667
0.3333,0.2000,0.4667
0.3296,0.1955,0.4749
0.3240,0.1955,0.4805
0.3258,0.1910,0.4832
0.3202,0.1966,0.4832
0.3258,0.1910,0.4832
0.3258,0.1910,0.4832
0.3315,0.1910,0.4775
0.3277,0.1864,0.4859
0.3295,0.1875,0.4830
0.3371,0.1798,0.4831
0.3352,0.1788,0.4860
0.3352,0.1732,0.4916
0.3371,0.1685,0.4944
0.3390,0.1638,0.4972
0.3371,0.1543,0.5086
0.3371,0.1600,0.5029
0.3448,0.1552,0.5000
0.3428,0.1543,0.5029
0.3428,0.1486,0.5086
0.3486,0.1371,0.5143
0.3486,0.1371,0.5143
0.3526,0.1329,0.5145
0.3526,0.1329,0.5145
0.3526,0.1272,0.5202
0.3675,0.1084,0.5241
0.3697,0.1091,0.5212
0.3742,0.1104,0.5154
0.3704,0.1173,0.5123
0.3750,0.1125,0.5125
0.3797,0.1076,0.5127
0.3822,0.1019,0.5159
0.3822,0.1019,0.5159
0.3807,0.0903,0.5290
0.3766,0.0974,0.5260
0.3750,0.0921,0.5329
0.3775,0.0861,0.5364
0.3820,0.0833,0.5347
0.3862,0.0759,0.5379
0.3862,0.0690,0.5448
0.3862,0.0621,0.5517
0.3889,0.0555,0.5556
0.3916,0.0490,0.5594
0.3958,0.0417,0.5625
0.3986,0.0350,0.5664
0.4014,0.0282,0.5704
0.4085,0.0211,0.5704
0.4143,0.0143,0.5714
0.4214,0.0072,0.5714
0.4214,0.0072,0.5714
0.4286,0.0071,0.5643
0.4388,0.0072,0.5540
0.4388,0.0072,0.5540
0.4357,0.0143,0.5500
0.4420,0.0073,0.5507
0.4420,0.0073,0.5507
0.4420,0.0073,0.5507
0.4348,0.0145,0.5507
0.4348,0.0145,0.5507
0.4338,0.0074,0.5588
0.4348,0.0072,0.5580
0.4348,0.0072,0.5580
0.4275,0.0145,0.5580
0.4245,0.0144,0.5611
0.4275,0.0073,0.5652
0.4317,0.0072,0.5611
0.4191,0.0074,0.5735
0.4161,0.0073,0.5766
0.4222,0.0000,0.5778
0.4148,0.0074,0.5778
0.4179,0.0000,0.5821
0.4104,0.0000,0.5896
0.4104,0.0000,0.5896
0.4044,0.0074,0.5882
0.4030,0.0000,0.5970
0.4060,0.0000,0.5940
0.3985,0.0075,0.5940
0.3985,0.0075,0.5940
0.4046,0.0000,0.5954
0.4060,0.0000,0.5940
0.4015,0.0000,0.5985
0.3942,0.0073,0.5985
0.3942,0.0000,0.6058
0.3971,0.0000,0.6029
0.3971,0.0073,0.5956
0.4030,0.0000,0.5970
0.4030,0.0000,0.5970
0.4000,0.0000,0.6000
0.3985,0.0000,0.6015
0.3910,0.0075,0.6015
0.3910,0.0000,0.6090
0.3835,0.0075,0.6090
0.3893,0.0000,0.6107
0.3893,0.0000,0.6107
