# Ag,Au,Cu,Ir,Pd,Pt,Rh,Ru
0.1250,0.1250,0.1276,0.1302,0.1484,0.1198,0.1198,0.1042
0.1231,0.1230,0.1283,0.1309,0.1492,0.1204,0.1204,0.1047
0.1210,0.1237,0.1289,0.1316,0.1474,0.1210,0.1211,0.1053
0.1217,0.1217,0.1296,0.1323,0.1455,0.1217,0.1217,0.1058
0.1224,0.1223,0.1303,0.1330,0.1410,0.1223,0.1223,0.1064
0.1230,0.1203,0.1310,0.1337,0.1390,0.1230,0.1230,0.1070
0.1236,0.1210,0.1290,0.1344,0.1371,0.1237,0.1237,0.1075
0.1243,0.1189,0.1297,0.1352,0.1352,0.1243,0.1243,0.1081
0.1246,0.1192,0.1301,0.1355,0.1328,0.1247,0.1247,0.1084
0.1254,0.1172,0.1308,0.1362,0.1335,0.1253,0.1226,0.1090
0.1257,0.1175,0.1311,0.1366,0.1339,0.1257,0.1229,0.1066
0.1264,0.1181,0.1319,0.1373,0.1346,0.1264,0.1209,0.1044
0.1267,0.1157,0.1322,0.1378,0.1350,0.1267,0.1212,0.1047
0.1267,0.1157,0.1322,0.1378,0.1350,0.1267,0.1212,0.1047
0.1274,0.1164,0.1330,0.1357,0.1357,0.1274,0.1219,0.1025
0.1281,0.1170,0.1309,0.1365,0.1337,0.1281,0.1226,0.1031
0.1260,0.1176,0.1317,0.1373,0.1317,0.1289,0.1232,0.1036
0.1257,0.1201,0.1313,0.1369,0.1313,0.1285,0.1229,0.1033
0.1257,0.1201,0.1285,0.1369,0.1313,0.1285,0.1229,0.1061
0.1243,0.1187,0.1300,0.1384,0.1299,0.1299,0.1243,0.1045
0.1250,0.1193,0.1307,0.1392,0.1250,0.1307,0.1250,0.1051
0.1254,0.1197,0.1310,0.1367,0.1254,0.1310,0.1254,0.1054
0.1257,0.1200,0.1286,0.1372,0.1257,0.1314,0.1257,0.1057
0.1257,0.1200,0.1286,0.1372,0.1257,0.1314,0.1257,0.1057
0.1265,0.1178,0.1293,0.1351,0.1264,0.1322,0.1264,0.1063
0.1265,0.1178,0.1293,0.1351,0.1264,0.1322,0.1264,0.1063
0.1272,0.1185,0.1301,0.1358,0.1214,0.1329,0.1272,0.1069
0.1272,0.1185,0.1301,0.1358,0.1214,0.1329,0.1272,0.1069
0.1304,0.1189,0.1304,0.1362,0.1189,0.1333,0.1275,0.1044
0.1275,0.1189,0.1304,0.1391,0.1189,0.1333,0.1275,0.1044
0.1272,0.1154,0.1302,0.1420,0.1213,0.1331,0.1272,0.1036
0.1272,0.1154,0.1302,0.1420,0.1213,0.1331,0.1272,0.1036
0.1280,0.1161,0.1280,0.1428,0.1220,0.1339,0.1280,0.1012
0.1283,0.1164,0.1284,0.1403,0.1224,0.1343,0.1284,0.1015
0.1261,0.1171,0.1291,0.1412,0.1231,0.1352,0.1291,0.0991
0.1269,0.1148,0.1299,0.1420,0.1239,0.1329,0.1299,0.0997
0.1280,0.1190,0.1310,0.1399,0.1220,0.1339,0.1280,0.0982
0.1284,0.1194,0.1313,0.1403,0.1224,0.1343,0.1284,0.0955
0.1288,0.1198,0.1287,0.1407,0.1228,0.1347,0.1287,0.0958
0.1283,0.1194,0.1284,0.1403,0.1224,0.1343,0.1284,0.0985
0.1283,0.1224,0.1284,0.1403,0.1224,0.1343,0.1284,0.0955
0.1258,0.1228,0.1287,0.1407,0.1228,0.1347,0.1287,0.0958
0.1231,0.1261,0.1291,0.1412,0.1231,0.1352,0.1291,0.0931
0.1235,0.1265,0.1295,0.1416,0.1235,0.1355,0.1295,0.0904
0.1243,0.1242,0.1273,0.1424,0.1242,0.1364,0.1303,0.0909
0.1243,0.1242,0.1273,0.1424,0.1242,0.1364,0.1303,0.0909
0.1219,0.1250,0.1250,0.1433,0.1250,0.1372,0.1311,0.0915
0.1227,0.1257,0.1227,0.1442,0.1258,0.1350,0.1319,0.0920
0.1231,0.1231,0.1231,0.1446,0.1292,0.1323,0.1323,0.0923
0.1231,0.1231,0.1231,0.1446,0.1292,0.1323,0.1323,0.0923
0.1242,0.1211,0.1242,0.1429,0.1304,0.1336,0.1335,0.0901
0.1215,0.1215,0.1246,0.1433,0.1308,0.1340,0.1340,0.0903
0.1222,0.1191,0.1254,0.1442,0.1317,0.1317,0.1348,0.0909
0.1226,0.1195,0.1258,0.1447,0.1289,0.1321,0.1352,0.0912
0.1226,0.1164,0.1289,0.1447,0.1289,0.1321,0.1352,0.0912
0.1226,0.1164,0.1289,0.1447,0.1289,0.1321,0.1352,0.0912
0.1226,0.1164,0.1289,0.1447,0.1289,0.1321,0.1352,0.0912
0.1222,0.1158,0.1286,0.1479,0.1254,0.1351,0.1350,0.0900
0.1234,0.1136,0.1299,0.1493,0.1234,0.1331,0.1364,0.0909
0.1234,0.1169,0.1266,0.1493,0.1234,0.1331,0.1364,0.0909
0.1209,0.1176,0.1242,0.1503,0.1242,0.1340,0.1373,0.0915
0.1217,0.1184,0.1250,0.1480,0.1217,0.1349,0.1382,0.0921
0.1221,0.1221,0.1254,0.1486,0.1188,0.1353,0.1386,0.0891
0.1225,0.1225,0.1258,0.1490,0.1192,0.1358,0.1391,0.0861
0.1233,0.1233,0.1267,0.1500,0.1167,0.1333,0.1400,0.0867
0.1242,0.1242,0.1242,0.1510,0.1174,0.1342,0.1409,0.0839
0.1216,0.1216,0.1250,0.1520,0.1183,0.1351,0.1419,0.0845
0.1216,0.1216,0.1250,0.1520,0.1183,0.1351,0.1419,0.0845
0.1216,0.1216,0.1284,0.1520,0.1183,0.1351,0.1419,0.0811
0.1225,0.1224,0.1224,0.1531,0.1190,0.1361,0.1429,0.0816
0.1229,0.1229,0.1229,0.1536,0.1194,0.1365,0.1399,0.0819
0.1211,0.1246,0.1246,0.1557,0.1211,0.1349,0.1419,0.0761
0.1219,0.1254,0.1254,0.1533,0.1185,0.1359,0.1429,0.0767
0.1158,0.1263,0.1263,0.1544,0.1193,0.1368,0.1439,0.0772
0.1162,0.1232,0.1268,0.1549,0.1197,0.1373,0.1444,0.0775
0.1170,0.1241,0.1277,0.1525,0.1170,0.1383,0.1454,0.0780
0.1139,0.1246,0.1281,0.1530,0.1210,0.1388,0.1459,0.0747
0.1107,0.1250,0.1250,0.1536,0.1250,0.1393,0.1464,0.0750
0.1115,0.1259,0.1259,0.1475,0.1259,0.1403,0.1475,0.0755
0.1115,0.1295,0.1259,0.1475,0.1223,0.1403,0.1475,0.0755
0.1144,0.1255,0.1291,0.1513,0.1255,0.1365,0.1476,0.0701
0.1132,0.1277,0.1241,0.1496,0.1241,0.1423,0.1460,0.0730
0.1172,0.1282,0.1246,0.1502,0.1245,0.1392,0.1465,0.0696
0.1172,0.1319,0.1209,0.1539,0.1245,0.1392,0.1465,0.0659
0.1176,0.1324,0.1213,0.1544,0.1250,0.1360,0.1471,0.0662
0.1185,0.1333,0.1222,0.1519,0.1222,0.1370,0.1482,0.0667
0.1185,0.1333,0.1222,0.1519,0.1222,0.1370,0.1482,0.0667
0.1181,0.1365,0.1218,0.1513,0.1218,0.1365,0.1476,0.0664
0.1172,0.1355,0.1246,0.1539,0.1209,0.1355,0.1465,0.0659
0.1176,0.1360,0.1250,0.1544,0.1213,0.1324,0.1471,0.0662
0.1181,0.1365,0.1255,0.1550,0.1218,0.1291,0.1476,0.0664
0.1185,0.1370,0.1259,0.1556,0.1185,0.1296,0.1482,0.0667
0.1222,0.1370,0.1222,0.1556,0.1185,0.1296,0.1482,0.0667
0.1222,0.1370,0.1222,0.1556,0.1185,0.1296,0.1482,0.0667
0.1222,0.1333,0.1222,0.1556,0.1222,0.1296,0.1482,0.0667
0.1222,0.1333,0.1222,0.1556,0.1222,0.1296,0.1482,0.0667
0.1232,0.1306,0.1231,0.1567,0.1231,0.1306,0.1493,0.0634
0.1231,0.1306,0.1231,0.1605,0.1231,0.1306,0.1493,0.0597
0.1231,0.1306,0.1231,0.1605,0.1231,0.1306,0.1493,0.0597
0.1232,0.1306,0.1231,0.1605,0.1231,0.1343,0.1455,0.0597
0.1232,0.1306,0.1231,0.1605,0.1231,0.1343,0.1455,0.0597
0.1265,0.1264,0.1226,0.1571,0.1264,0.1379,0.1456,0.0575
0.1259,0.1260,0.1260,0.1565,0.1260,0.1374,0.1450,0.0572
0.1260,0.1260,0.1260,0.1603,0.1221,0.1412,0.1450,0.0534
0.1264,0.1226,0.1264,0.1571,0.1226,0.1418,0.1456,0.0575
0.1269,0.1231,0.1269,0.1577,0.1231,0.1423,0.1462,0.0538
0.1279,0.1240,0.1279,0.1589,0.1240,0.1396,0.1473,0.0504
0.1279,0.1240,0.1279,0.1589,0.1240,0.1396,0.1473,0.0504
0.1284,0.1245,0.1245,0.1556,0.1245,0.1401,0.1518,0.0506
0.1255,0.1255,0.1255,0.1569,0.1255,0.1372,0.1529,0.0510
0.1220,0.1260,0.1260,0.1614,0.1260,0.1378,0.1496,0.0512
0.1225,0.1265,0.1265,0.1621,0.1265,0.1383,0.1462,0.0514
0.1270,0.1270,0.1230,0.1587,0.1270,0.1389,0.1468,0.0516
0.1240,0.1280,0.1240,0.1560,0.1280,0.1400,0.1480,0.0520
0.1235,0.1315,0.1235,0.1554,0.1275,0.1394,0.1474,0.0518
0.1200,0.1320,0.1240,0.1560,0.1280,0.1400,0.1480,0.0520
0.1205,0.1325,0.1245,0.1526,0.1285,0.1406,0.1486,0.0522
0.1174,0.1336,0.1255,0.1498,0.1296,0.1417,0.1498,0.0526
0.1174,0.1336,0.1296,0.1498,0.1296,0.1417,0.1457,0.0526
0.1174,0.1336,0.1296,0.1498,0.1255,0.1417,0.1457,0.0567
0.1184,0.1347,0.1265,0.1510,0.1265,0.1429,0.1469,0.0531
0.1148,0.1352,0.1271,0.1516,0.1271,0.1434,0.1475,0.0533
0.1148,0.1352,0.1271,0.1516,0.1271,0.1434,0.1475,0.0533
0.1157,0.1364,0.1281,0.1487,0.1281,0.1405,0.1488,0.0537
0.1152,0.1399,0.1276,0.1523,0.1276,0.1399,0.1481,0.0494
0.1148,0.1393,0.1271,0.1516,0.1271,0.1434,0.1475,0.0492
0.1148,0.1393,0.1271,0.1516,0.1271,0.1434,0.1475,0.0492
0.1162,0.1369,0.1286,0.1494,0.1286,0.1411,0.1494,0.0498
0.1130,0.1381,0.1297,0.1506,0.1297,0.1423,0.1506,0.0460
0.1139,0.1392,0.1308,0.1519,0.1266,0.1435,0.1477,0.0464
0.1149,0.1404,0.1319,0.1490,0.1277,0.1404,0.1489,0.0468
0.1149,0.1404,0.1319,0.1490,0.1319,0.1404,0.1447,0.0468
0.1154,0.1410,0.1325,0.1453,0.1325,0.1410,0.1453,0.0470
0.1154,0.1410,0.1368,0.1453,0.1325,0.1410,0.1453,0.0427
0.1154,0.1410,0.1367,0.1496,0.1325,0.1368,0.1453,0.0427
0.1149,0.1404,0.1362,0.1489,0.1362,0.1362,0.1447,0.0425
0.1149,0.1361,0.1362,0.1489,0.1362,0.1362,0.1447,0.0468
0.1164,0.1336,0.1379,0.1509,0.1379,0.1379,0.1466,0.0388
0.1169,0.1342,0.1342,0.1515,0.1385,0.1385,0.1472,0.0390
0.1169,0.1342,0.1342,0.1515,0.1385,0.1385,0.1472,0.0390
0.1169,0.1385,0.1342,0.1472,0.1385,0.1385,0.1515,0.0347
0.1179,0.1354,0.1354,0.1441,0.1397,0.1397,0.1529,0.0349
0.1179,0.1354,0.1354,0.1485,0.1397,0.1397,0.1485,0.0349
0.1179,0.1354,0.1354,0.1485,0.1397,0.1397,0.1485,0.0349
0.1179,0.1354,0.1354,0.1441,0.1397,0.1397,0.1485,0.0393
0.1145,0.1365,0.1366,0.1454,0.1410,0.1410,0.1498,0.0352
0.1182,0.1318,0.1409,0.1500,0.1409,0.1409,0.1455,0.0318
0.1198,0.1290,0.1428,0.1521,0.1382,0.1429,0.1429,0.0323
0.1204,0.1296,0.1435,0.1528,0.1343,0.1389,0.1481,0.0324
0.1215,0.1308,0.1449,0.1542,0.1355,0.1355,0.1449,0.0327
0.1209,0.1302,0.1442,0.1535,0.1395,0.1349,0.1442,0.0326
0.1215,0.1308,0.1402,0.1542,0.1402,0.1355,0.1449,0.0327
0.1256,0.1302,0.1395,0.1535,0.1395,0.1349,0.1442,0.0326
0.1256,0.1302,0.1395,0.1582,0.1395,0.1349,0.1395,0.0326
0.1256,0.1302,0.1396,0.1628,0.1395,0.1349,0.1395,0.0279
0.1256,0.1302,0.1396,0.1628,0.1395,0.1349,0.1395,0.0279
0.1262,0.1308,0.1402,0.1636,0.1402,0.1308,0.1402,0.0280
0.1268,0.1315,0.1408,0.1643,0.1408,0.1315,0.1408,0.0235
0.1315,0.1315,0.1361,0.1643,0.1408,0.1315,0.1408,0.0235
0.1333,0.1333,0.1381,0.1667,0.1429,0.1286,0.1381,0.0190
0.1298,0.1346,0.1394,0.1635,0.1442,0.1298,0.1394,0.0193
0.1311,0.1359,0.1408,0.1651,0.1456,0.1262,0.1359,0.0194
0.1304,0.1353,0.1401,0.1691,0.1449,0.1256,0.1353,0.0193
0.1311,0.1408,0.1408,0.1699,0.1456,0.1213,0.1311,0.0194
0.1317,0.1415,0.1415,0.1707,0.1415,0.1219,0.1317,0.0195
0.1317,0.1415,0.1415,0.1707,0.1415,0.1219,0.1317,0.0195
0.1323,0.1422,0.1422,0.1618,0.1422,0.1274,0.1323,0.0196
0.1330,0.1428,0.1428,0.1626,0.1429,0.1281,0.1281,0.0197
0.1323,0.1422,0.1422,0.1618,0.1471,0.1274,0.1274,0.0196
0.1337,0.1436,0.1436,0.1634,0.1485,0.1287,0.1237,0.0148
0.1350,0.1400,0.1450,0.1650,0.1450,0.1300,0.1250,0.0150
0.1364,0.1364,0.1465,0.1667,0.1465,0.1262,0.1262,0.0151
0.1364,0.1364,0.1465,0.1667,0.1465,0.1262,0.1262,0.0151
0.1414,0.1313,0.1465,0.1667,0.1465,0.1262,0.1263,0.0151
0.1378,0.1326,0.1480,0.1633,0.1480,0.1275,0.1275,0.0153
0.1364,0.1364,0.1515,0.1616,0.1465,0.1262,0.1263,0.0151
0.1377,0.1378,0.1531,0.1633,0.1378,0.1275,0.1275,0.0153
0.1384,0.1385,0.1487,0.1641,0.1385,0.1282,0.1282,0.0154
0.1436,0.1384,0.1436,0.1641,0.1385,0.1282,0.1282,0.0154
0.1421,0.1371,0.1472,0.1624,0.1371,0.1320,0.1269,0.0152
0.1421,0.1421,0.1421,0.1632,0.1421,0.1316,0.1263,0.0105
0.1444,0.1390,0.1390,0.1658,0.1444,0.1337,0.1230,0.0107
0.1489,0.1436,0.1383,0.1649,0.1383,0.1383,0.1170,0.0107
0.1489,0.1436,0.1383,0.1649,0.1383,0.1383,0.1170,0.0107
0.1489,0.1436,0.1383,0.1702,0.1383,0.1330,0.1170,0.0107
0.1436,0.1489,0.1383,0.1702,0.1383,0.1330,0.1170,0.0107
0.1436,0.1436,0.1383,0.1702,0.1436,0.1330,0.1170,0.0107
0.1398,0.1451,0.1398,0.1667,0.1452,0.1344,0.1183,0.0107
0.1398,0.1451,0.1398,0.1667,0.1452,0.1344,0.1183,0.0107
0.1398,0.1451,0.1398,0.1667,0.1452,0.1344,0.1183,0.0107
0.1398,0.1451,0.1398,0.1667,0.1452,0.1344,0.1183,0.0107
0.1398,0.1452,0.1344,0.1774,0.1452,0.1290,0.1183,0.0107
0.1460,0.1460,0.1351,0.1784,0.1459,0.1297,0.1135,0.0054
0.1468,0.1468,0.1359,0.1739,0.1467,0.1304,0.1141,0.0054
0.1428,0.1483,0.1374,0.1758,0.1429,0.1319,0.1154,0.0055
0.1437,0.1492,0.1326,0.1768,0.1436,0.1326,0.1160,0.0055
0.1397,0.1508,0.1341,0.1788,0.1452,0.1285,0.1173,0.0056
0.1452,0.1508,0.1341,0.1788,0.1453,0.1285,0.1117,0.0056
0.1452,0.1508,0.1229,0.1788,0.1453,0.1341,0.1117,0.0112
0.1452,0.1508,0.1229,0.1788,0.1453,0.1285,0.1173,0.0112
0.1477,0.1477,0.1250,0.1818,0.1421,0.1364,0.1136,0.0057
0.1469,0.1469,0.1243,0.1808,0.1412,0.1356,0.1130,0.0113
0.1486,0.1543,0.1257,0.1829,0.1371,0.1314,0.1143,0.0057
0.1488,0.1548,0.1250,0.1905,0.1369,0.1310,0.1071,0.0059
0.1553,0.1553,0.1118,0.1926,0.1366,0.1366,0.1056,0.0062
0.1519,0.1582,0.1139,0.1899,0.1329,0.1393,0.1076,0.0063
0.1529,0.1656,0.1146,0.1911,0.1337,0.1338,0.1019,0.0064
0.1548,0.1677,0.1161,0.1936,0.1290,0.1355,0.0968,0.0065
0.1558,0.1623,0.1234,0.1883,0.1299,0.1364,0.0974,0.0065
0.1579,0.1579,0.1250,0.1908,0.1316,0.1381,0.0921,0.0066
0.1589,0.1656,0.1258,0.1921,0.1258,0.1391,0.0861,0.0066
0.1600,0.1667,0.1267,0.1933,0.1267,0.1333,0.0867,0.0066
0.1611,0.1544,0.1208,0.1946,0.1275,0.1342,0.0873,0.0201
0.1565,0.1565,0.1224,0.1973,0.1292,0.1361,0.0884,0.0136
0.1517,0.1586,0.1242,0.2000,0.1310,0.1379,0.0897,0.0069
0.1507,0.1575,0.1301,0.1986,0.1301,0.1370,0.0891,0.0069
0.1468,0.1608,0.1259,0.2028,0.1329,0.1329,0.0909,0.0070
0.1468,0.1608,0.1259,0.2028,0.1329,0.1329,0.0909,0.0070
0.1479,0.1620,0.1268,0.1972,0.1338,0.1338,0.0915,0.0070
0.1479,0.1620,0.1268,0.1972,0.1338,0.1338,0.0915,0.0070
0.1479,0.1620,0.1268,0.1972,0.1338,0.1338,0.0915,0.0070
0.1487,0.1689,0.1216,0.1959,0.1284,0.1351,0.0946,0.0068
0.1486,0.1757,0.1216,0.1959,0.1284,0.1284,0.0946,0.0068
0.1477,0.1745,0.1208,0.1946,0.1342,0.1275,0.0940,0.0067
0.1497,0.1769,0.1088,0.1973,0.1361,0.1292,0.0952,0.0068
0.1497,0.1769,0.1088,0.1973,0.1429,0.1292,0.0884,0.0068
0.1497,0.1769,0.1088,0.1973,0.1429,0.1292,0.0884,0.0068
0.1497,0.1837,0.1020,0.1973,0.1429,0.1292,0.0884,0.0068
0.1544,0.1812,0.1074,0.1946,0.1409,0.1275,0.0873,0.0067
0.1497,0.1837,0.1020,0.1973,0.1429,0.1292,0.0884,0.0068
0.1497,0.1837,0.1020,0.1973,0.1429,0.1292,0.0884,0.0068
0.1497,0.1837,0.1020,0.1973,0.1429,0.1292,0.0884,0.0068
0.1503,0.1830,0.1046,0.1895,0.1438,0.1242,0.0915,0.0131
0.1523,0.1788,0.1060,0.1921,0.1457,0.1258,0.0927,0.0066
0.1600,0.1800,0.1067,0.1933,0.1400,0.1267,0.0867,0.0066
0.1600,0.1800,0.1000,0.1933,0.1400,0.1333,0.0867,0.0067
0.1538,0.1888,0.0979,0.1958,0.1329,0.1399,0.0839,0.0070
0.1560,0.1915,0.0993,0.1915,0.1277,0.1418,0.0851,0.0071
0.1571,0.1929,0.0929,0.1929,0.1286,0.1428,0.0857,0.0071
0.1522,0.1957,0.0942,0.1884,0.1304,0.1449,0.0870,0.0072
0.1522,0.1956,0.0870,0.1884,0.1304,0.1522,0.0870,0.0072
0.1544,0.1912,0.0882,0.1838,0.1324,0.1544,0.0882,0.0074
0.1418,0.1940,0.0895,0.1866,0.1343,0.1567,0.0896,0.0075
0.1418,0.1940,0.0821,0.1940,0.1343,0.1567,0.0896,0.0075
0.1429,0.1955,0.0752,0.1955,0.1353,0.1579,0.0902,0.0075
0.1439,0.1970,0.0682,0.1894,0.1363,0.1667,0.0909,0.0076
0.1450,0.1985,0.0687,0.1909,0.1374,0.1679,0.0916,0.0000
0.1450,0.1985,0.0687,0.1909,0.1374,0.1679,0.0916,0.0000
0.1579,0.1955,0.0677,0.1880,0.1353,0.1654,0.0902,0.0000
0.1591,0.1894,0.0682,0.1894,0.1363,0.1667,0.0909,0.0000
0.1591,0.1894,0.0682,0.1894,0.1363,0.1667,0.0909,0.0000
0.1567,0.1866,0.0746,0.1866,0.1343,0.1716,0.0896,0.0000
0.1629,0.1852,0.0741,0.1852,0.1333,0.1704,0.0889,0.0000
0.1618,0.1912,0.0735,0.1838,0.1324,0.1691,0.0882,0.0000
0.1629,0.1926,0.0667,0.1852,0.1333,0.1704,0.0889,0.0000
0.1630,0.1926,0.0592,0.1926,0.1333,0.1704,0.0889,0.0000
0.1716,0.1866,0.0597,0.1866,0.1343,0.1716,0.0896,0.0000
0.1716,0.1866,0.0672,0.1866,0.1269,0.1716,0.0895,0.0000
0.1729,0.1880,0.0602,0.1880,0.1278,0.1729,0.0902,0.0000
0.1716,0.1866,0.0522,0.2015,0.1269,0.1716,0.0896,0.0000
0.1704,0.1852,0.0518,0.2000,0.1333,0.1704,0.0815,0.0074
0.1704,0.1778,0.0592,0.2000,0.1407,0.1704,0.0815,0.0000
0.1743,0.1818,0.0530,0.1970,0.1364,0.1742,0.0833,0.0000
0.1756,0.1832,0.0534,0.2061,0.1298,0.1756,0.0763,0.0000
0.1743,0.1818,0.0530,0.2046,0.1288,0.1742,0.0833,0.0000
0.1642,0.1940,0.0522,0.2015,0.1343,0.1717,0.0821,0.0000
0.1630,0.1926,0.0518,0.2000,0.1407,0.1704,0.0815,0.0000
0.1556,0.1926,0.0518,0.2000,0.1407,0.1778,0.0815,0.0000
0.1533,0.1970,0.0511,0.1971,0.1387,0.1825,0.0803,0.0000
0.1544,0.1985,0.0515,0.1985,0.1397,0.1765,0.0809,0.0000
0.1567,0.1940,0.0448,0.2015,0.1418,0.1791,0.0821,0.0000
0.1515,0.1970,0.0379,0.2046,0.1439,0.1818,0.0833,0.0000
0.1515,0.1970,0.0379,0.2046,0.1439,0.1818,0.0833,0.0000
0.1460,0.1825,0.0365,0.2116,0.1679,0.1752,0.0803,0.0000
0.1481,0.1926,0.0370,0.2148,0.1704,0.1704,0.0667,0.0000
0.1471,0.1985,0.0368,0.2132,0.1691,0.1691,0.0662,0.0000
0.1471,0.1985,0.0368,0.2132,0.1691,0.1691,0.0662,0.0000
0.1481,0.2000,0.0370,0.2148,0.1704,0.1630,0.0667,0.0000
0.1460,0.1971,0.0365,0.2116,0.1752,0.1606,0.0730,0.0000
0.1470,0.1985,0.0368,0.2132,0.1765,0.1618,0.0662,0.0000
0.1481,0.2000,0.0370,0.2148,0.1704,0.1630,0.0667,0.0000
0.1470,0.2059,0.0368,0.2132,0.1691,0.1618,0.0662,0.0000
0.1407,0.2074,0.0370,0.2148,0.1704,0.1630,0.0667,0.0000
0.1377,0.2101,0.0362,0.2174,0.1667,0.1594,0.0725,0.0000
0.1397,0.2059,0.0441,0.2132,0.1691,0.1618,0.0662,0.0000
0.1397,0.2059,0.0441,0.2132,0.1691,0.1618,0.0662,0.0000
0.1397,0.1985,0.0368,0.2206,0.1691,0.1618,0.0735,0.0000
0.1407,0.2000,0.0296,0.2148,0.1778,0.1630,0.0741,0.0000
0.1418,0.2015,0.0224,0.2164,0.1791,0.1642,0.0746,0.0000
0.1471,0.1985,0.0221,0.2132,0.1765,0.1618,0.0735,0.0073
0.1418,0.2015,0.0224,0.2164,0.1791,0.1642,0.0746,0.0000
0.1364,0.1970,0.0227,0.2197,0.1818,0.1667,0.0757,0.0000
0.1374,0.1909,0.0229,0.2214,0.1832,0.1679,0.0763,0.0000
0.1364,0.1894,0.0227,0.2197,0.1818,0.1667,0.0757,0.0076
0.1385,0.1923,0.0231,0.2154,0.1846,0.1692,0.0769,0.0000
0.1374,0.1985,0.0153,0.2138,0.1832,0.1679,0.0763,0.0076
0.1385,0.2000,0.0154,0.2154,0.1846,0.1692,0.0769,0.0000
0.1395,0.1938,0.0155,0.2171,0.1860,0.1628,0.0775,0.0078
0.1417,0.1969,0.0157,0.2126,0.1890,0.1654,0.0787,0.0000
0.1473,0.1938,0.0155,0.2093,0.1938,0.1628,0.0775,0.0000
0.1406,0.1953,0.0156,0.2188,0.1875,0.1641,0.0781,0.0000
0.1405,0.1984,0.0083,0.2066,0.1983,0.1653,0.0826,0.0000
0.1441,0.1949,0.0085,0.2034,0.2034,0.1610,0.0847,0.0000
0.1639,0.1967,0.0164,0.1967,0.1885,0.1558,0.0820,0.0000
0.1653,0.1984,0.0083,0.1983,0.1901,0.1570,0.0826,0.0000
0.1681,0.1933,0.0084,0.2017,0.1933,0.1512,0.0840,0.0000
0.1653,0.1901,0.0083,0.1983,0.1901,0.1653,0.0826,0.0000
0.1680,0.1849,0.0084,0.2017,0.1849,0.1681,0.0840,0.0000
0.1667,0.1833,0.0083,0.1917,0.1917,0.1667,0.0833,0.0083
0.1750,0.1833,0.0083,0.1917,0.1917,0.1667,0.0833,0.0000
0.1624,0.1880,0.0086,0.1880,0.1966,0.1709,0.0855,0.0000
0.1610,0.1864,0.0085,0.1864,0.2034,0.1695,0.0848,0.0000
0.1610,0.1864,0.0085,0.1864,0.2034,0.1695,0.0848,0.0000
0.1680,0.1849,0.0084,0.1849,0.2017,0.1681,0.0840,0.0000
0.1680,0.1765,0.0084,0.1849,0.2017,0.1681,0.0840,0.0084
0.1709,0.1795,0.0086,0.1795,0.2051,0.1709,0.0855,0.0000
0.1709,0.1795,0.0086,0.1795,0.2051,0.1709,0.0855,0.0000
0.1709,0.1880,0.0086,0.1795,0.1966,0.1709,0.0855,0.0000
0.1680,0.1849,0.0168,0.1765,0.1933,0.1765,0.0840,0.0000
0.1680,0.1849,0.0168,0.1765,0.1933,0.1765,0.0840,0.0000
0.1709,0.1795,0.0085,0.1795,0.1966,0.1795,0.0855,0.0000
0.1724,0.1811,0.0000,0.1724,0.2069,0.1810,0.0862,0.0000
0.1724,0.1724,0.0000,0.1724,0.2155,0.1811,0.0862,0.0000
0.1739,0.1652,0.0000,0.1826,0.2087,0.1826,0.0870,0.0000
0.1739,0.1652,0.0000,0.1826,0.2087,0.1826,0.0870,0.0000
0.1754,0.1667,0.0000,0.1842,0.2105,0.1842,0.0790,0.0000
0.1667,0.1667,0.0088,0.1842,0.2105,0.1842,0.0789,0.0000
0.1682,0.1681,0.0089,0.1858,0.2124,0.1858,0.0708,0.0000
0.1697,0.1696,0.0089,0.1875,0.2054,0.1875,0.0714,0.0000
0.1697,0.1696,0.0089,0.1786,0.2054,0.1964,0.0714,0.0000
0.1696,0.1786,0.0089,0.1786,0.2054,0.1875,0.0714,0.0000
0.1711,0.1802,0.0000,0.1802,0.2072,0.1892,0.0721,0.0000
0.1711,0.1802,0.0000,0.1892,0.2072,0.1802,0.0721,0.0000
0.1637,0.1818,0.0000,0.1909,0.2091,0.1818,0.0727,0.0000
0.1621,0.1802,0.0000,0.1892,0.2072,0.1892,0.0721,0.0000
0.1607,0.1875,0.0000,0.1875,0.1965,0.1875,0.0714,0.0089
0.1560,0.1926,0.0000,0.1926,0.1927,0.1927,0.0734,0.0000
0.1468,0.2018,0.0000,0.1926,0.1927,0.1927,0.0734,0.0000
0.1455,0.2000,0.0000,0.1909,0.1909,0.1909,0.0727,0.0091
0.1376,0.2018,0.0092,0.1926,0.1927,0.1927,0.0734,0.0000
0.1402,0.2056,0.0000,0.1962,0.1963,0.1869,0.0748,0.0000
0.1402,0.2056,0.0000,0.1962,0.1963,0.1869,0.0748,0.0000
0.1402,0.2149,0.0000,0.1963,0.1869,0.1869,0.0748,0.0000
0.1402,0.2149,0.0093,0.1963,0.1776,0.1869,0.0748,0.0000
0.1402,0.2149,0.0093,0.1963,0.1776,0.1869,0.0748,0.0000
0.1402,0.2149,0.0000,0.1963,0.1776,0.1869,0.0748,0.0093
0.1402,0.2149,0.0000,0.1963,0.1776,0.1869,0.0748,0.0093
0.1415,0.2170,0.0000,0.1981,0.1792,0.1887,0.0755,0.0000
0.1415,0.2170,0.0000,0.1981,0.1792,0.1887,0.0755,0.0000
0.1415,0.2170,0.0000,0.1981,0.1793,0.1887,0.0660,0.0094
0.1429,0.2190,0.0000,0.2000,0.1809,0.1905,0.0667,0.0000
0.1429,0.2190,0.0000,0.2000,0.1809,0.1905,0.0667,0.0000
0.1468,0.2202,0.0000,0.2110,0.1651,0.1927,0.0642,0.0000
0.1455,0.2182,0.0000,0.2182,0.1636,0.1909,0.0636,0.0000
0.1455,0.2091,0.0000,0.2182,0.1636,0.2000,0.0636,0.0000
0.1441,0.2072,0.0000,0.2162,0.1712,0.1982,0.0631,0.0000
0.1416,0.2035,0.0177,0.2124,0.1681,0.1947,0.0620,0.0000
0.1429,0.2054,0.0089,0.2143,0.1696,0.1964,0.0625,0.0000
0.1455,0.2091,0.0000,0.2182,0.1636,0.2000,0.0636,0.0000
0.1441,0.2072,0.0000,0.2162,0.1622,0.1982,0.0721,0.0000
0.1441,0.2072,0.0000,0.2162,0.1622,0.1982,0.0721,0.0000
0.1491,0.2105,0.0088,0.2105,0.1579,0.1930,0.0702,0.0000
0.1491,0.2105,0.0088,0.2105,0.1579,0.1930,0.0702,0.0000
0.1491,0.2105,0.0000,0.2105,0.1579,0.2018,0.0702,0.0000
0.1428,0.2054,0.0000,0.2143,0.1607,0.2054,0.0714,0.0000
0.1428,0.2054,0.0000,0.2143,0.1607,0.2054,0.0714,0.0000
0.1428,0.2054,0.0000,0.2232,0.1607,0.1875,0.0804,0.0000
0.1441,0.1982,0.0000,0.2162,0.1622,0.1982,0.0811,0.0000
0.1441,0.1982,0.0000,0.2162,0.1622,0.1982,0.0811,0.0000
0.1364,0.2000,0.0000,0.2182,0.1636,0.2000,0.0818,0.0000
0.1376,0.2018,0.0000,0.2110,0.1652,0.2018,0.0826,0.0000
0.1468,0.2018,0.0000,0.2110,0.1651,0.1927,0.0826,0.0000
0.1482,0.2037,0.0000,0.2130,0.1574,0.1944,0.0833,0.0000
0.1389,0.2037,0.0000,0.2130,0.1574,0.1944,0.0926,0.0000
0.1415,0.2076,0.0000,0.2170,0.1509,0.1981,0.0849,0.0000
0.1429,0.2000,0.0000,0.2190,0.1524,0.2000,0.0857,0.0000
0.1456,0.1942,0.0000,0.2233,0.1553,0.1942,0.0874,0.0000
0.1442,0.1923,0.0000,0.2212,0.1539,0.2019,0.0865,0.0000
0.1415,0.1887,0.0000,0.2264,0.1604,0.1981,0.0849,0.0000
0.1415,0.1887,0.0000,0.2170,0.1698,0.1981,0.0849,0.0000
0.1415,0.1792,0.0000,0.2170,0.1698,0.2076,0.0849,0.0000
0.1482,0.1759,0.0000,0.2222,0.1667,0.2037,0.0833,0.0000
0.1481,0.1759,0.0000,0.2222,0.1667,0.2037,0.0741,0.0093
0.1415,0.1792,0.0000,0.2264,0.1698,0.2076,0.0755,0.0000
0.1415,0.1792,0.0000,0.2170,0.1698,0.2076,0.0849,0.0000
0.1429,0.1810,0.0000,0.2190,0.1714,0.2095,0.0762,0.0000
0.1429,0.1810,0.0000,0.2190,0.1714,0.2000,0.0762,0.0095
0.1429,0.1809,0.0000,0.2190,0.1810,0.2000,0.0762,0.0000
0.1415,0.1793,0.0000,0.2170,0.1792,0.1981,0.0849,0.0000
0.1429,0.1809,0.0000,0.2190,0.1810,0.2000,0.0762,0.0000
0.1495,0.1776,0.0000,0.2149,0.1869,0.1963,0.0748,0.0000
0.1481,0.1852,0.0000,0.2130,0.1944,0.1852,0.0741,0.0000
0.1482,0.1759,0.0000,0.2130,0.1944,0.1944,0.0741,0.0000
0.1468,0.1743,0.0092,0.2110,0.1926,0.1927,0.0734,0.0000
0.1651,0.1743,0.0000,0.2110,0.1927,0.1835,0.0734,0.0000
0.1682,0.1589,0.0000,0.2149,0.1963,0.1869,0.0748,0.0000
0.1682,0.1495,0.0000,0.2149,0.1963,0.1963,0.0748,0.0000
0.1743,0.1468,0.0000,0.2202,0.1926,0.1927,0.0734,0.0000
0.1743,0.1376,0.0000,0.2293,0.1927,0.1927,0.0734,0.0000
0.1743,0.1376,0.0000,0.2293,0.1927,0.1927,0.0734,0.0000
0.1892,0.1351,0.0000,0.2252,0.1892,0.1892,0.0721,0.0000
0.1909,0.1364,0.0000,0.2182,0.1909,0.1909,0.0727,0.0000
0.1909,0.1364,0.0000,0.2091,0.1909,0.1909,0.0727,0.0091
0.1909,0.1364,0.0000,0.2091,0.1909,0.1909,0.0727,0.0091
0.1926,0.1376,0.0000,0.2110,0.1927,0.1927,0.0734,0.0000
0.1892,0.1351,0.0000,0.2072,0.2072,0.1892,0.0721,0.0000
0.1964,0.1339,0.0000,0.2054,0.2054,0.1875,0.0714,0.0000
0.1982,0.1351,0.0000,0.2072,0.2072,0.1802,0.0721,0.0000
0.1964,0.1428,0.0000,0.2054,0.2054,0.1786,0.0714,0.0000
0.1947,0.1416,0.0000,0.2035,0.2035,0.1859,0.0708,0.0000
0.1964,0.1428,0.0000,0.2054,0.2054,0.1786,0.0714,0.0000
0.1964,0.1428,0.0000,0.2054,0.2054,0.1786,0.0714,0.0000
0.1964,0.1518,0.0000,0.1964,0.2054,0.1786,0.0714,0.0000
0.1947,0.1504,0.0000,0.1947,0.2035,0.1770,0.0797,0.0000
0.2054,0.1518,0.0000,0.1964,0.2054,0.1696,0.0714,0.0000
0.2054,0.1518,0.0000,0.1964,0.2054,0.1696,0.0714,0.0000
0.2017,0.1491,0.0000,0.1930,0.2018,0.1667,0.0877,0.0000
0.2017,0.1491,0.0000,0.2018,0.2018,0.1579,0.0877,0.0000
0.2017,0.1579,0.0000,0.1930,0.2018,0.1579,0.0877,0.0000
0.2035,0.1505,0.0000,0.1947,0.2035,0.1593,0.0885,0.0000
0.2017,0.1491,0.0000,0.1930,0.2018,0.1667,0.0877,0.0000
0.2105,0.1491,0.0000,0.1930,0.2018,0.1667,0.0789,0.0000
0.2124,0.1504,0.0000,0.1947,0.1947,0.1681,0.0797,0.0000
0.2124,0.1504,0.0000,0.1947,0.1947,0.1681,0.0797,0.0000
0.2174,0.1478,0.0087,0.1913,0.1913,0.1652,0.0783,0.0000
0.2193,0.1491,0.0000,0.1930,0.1930,0.1667,0.0789,0.0000
0.2261,0.1478,0.0000,0.1913,0.1913,0.1652,0.0783,0.0000
0.2143,0.1518,0.0000,0.1875,0.1964,0.1696,0.0804,0.0000
0.2162,0.1531,0.0000,0.1892,0.1892,0.1712,0.0811,0.0000
0.2162,0.1531,0.0000,0.1892,0.1892,0.1712,0.0811,0.0000
0.2091,0.1455,0.0091,0.1909,0.1909,0.1727,0.0818,0.0000
0.2018,0.1468,0.0000,0.2018,0.1927,0.1743,0.0826,0.0000
0.2037,0.1389,0.0000,0.2037,0.1945,0.1759,0.0833,0.0000
0.2095,0.1429,0.0000,0.2095,0.2000,0.1810,0.0571,0.0000
0.2095,0.1429,0.0000,0.2095,0.1905,0.1809,0.0667,0.0000
0.2095,0.1429,0.0000,0.2095,0.1905,0.1809,0.0667,0.0000
0.2116,0.1442,0.0000,0.2115,0.1923,0.1827,0.0577,0.0000
0.2095,0.1429,0.0095,0.2095,0.1905,0.1810,0.0571,0.0000
0.2095,0.1429,0.0095,0.2095,0.1905,0.1810,0.0571,0.0000
0.2116,0.1442,0.0000,0.2115,0.1923,0.1827,0.0577,0.0000
0.2019,0.1346,0.0192,0.2116,0.1923,0.1827,0.0577,0.0000
0.2019,0.1442,0.0096,0.2116,0.1923,0.1827,0.0577,0.0000
0.2019,0.1442,0.0096,0.2116,0.1923,0.1827,0.0577,0.0000
0.2019,0.1442,0.0096,0.2116,0.1923,0.1731,0.0673,0.0000
0.2116,0.1442,0.0000,0.2115,0.1923,0.1731,0.0673,0.0000
0.2115,0.1442,0.0000,0.2212,0.1923,0.1731,0.0577,0.0000
0.2095,0.1429,0.0000,0.2191,0.2000,0.1714,0.0571,0.0000
0.2115,0.1442,0.0000,0.2212,0.1923,0.1731,0.0577,0.0000
0.2136,0.1456,0.0000,0.2233,0.1845,0.1748,0.0582,0.0000
0.2179,0.1386,0.0000,0.2178,0.1881,0.1782,0.0594,0.0000
0.2079,0.1485,0.0000,0.2179,0.1881,0.1782,0.0594,0.0000
0.2080,0.1485,0.0000,0.2079,0.1881,0.1782,0.0693,0.0000
0.2080,0.1485,0.0000,0.2079,0.1881,0.1782,0.0693,0.0000
0.2080,0.1485,0.0000,0.2079,0.1881,0.1782,0.0693,0.0000
0.2100,0.1500,0.0000,0.2100,0.1900,0.1800,0.0600,0.0000
0.2100,0.1500,0.0000,0.2100,0.1900,0.1800,0.0600,0.0000
0.2059,0.1470,0.0000,0.2059,0.1863,0.1863,0.0686,0.0000
0.2059,0.1470,0.0098,0.1961,0.1863,0.1863,0.0686,0.0000
0.2179,0.1485,0.0000,0.1980,0.1782,0.1881,0.0693,0.0000
0.2136,0.1456,0.0000,0.2039,0.1845,0.1845,0.0679,0.0000
0.2136,0.1553,0.0000,0.1942,0.1845,0.1845,0.0679,0.0000
0.2136,0.1553,0.0000,0.1942,0.1845,0.1845,0.0679,0.0000
0.2136,0.1650,0.0000,0.1942,0.1845,0.1747,0.0680,0.0000
0.2136,0.1650,0.0000,0.1942,0.1845,0.1747,0.0680,0.0000
0.2039,0.1650,0.0000,0.2039,0.1845,0.1747,0.0680,0.0000
0.2019,0.1635,0.0000,0.2115,0.1827,0.1731,0.0673,0.0000
0.2115,0.1539,0.0000,0.2115,0.1827,0.1731,0.0673,0.0000
0.2136,0.1553,0.0000,0.2136,0.1845,0.1748,0.0582,0.0000
0.2136,0.1553,0.0000,0.2136,0.1845,0.1748,0.0582,0.0000
0.2136,0.1553,0.0000,0.2136,0.1845,0.1748,0.0582,0.0000
0.2115,0.1539,0.0000,0.2115,0.1827,0.1731,0.0673,0.0000
0.2115,0.1539,0.0000,0.2115,0.1923,0.1635,0.0673,0.0000
0.2039,0.1553,0.0000,0.2136,0.1942,0.1650,0.0680,0.0000
0.2019,0.1539,0.0096,0.2115,0.1923,0.1635,0.0673,0.0000
0.2019,0.1539,0.0000,0.2115,0.1923,0.1635,0.0673,0.0096
0.2059,0.1568,0.0000,0.2157,0.1863,0.1667,0.0686,0.0000
0.2136,0.1553,0.0000,0.2136,0.1845,0.1650,0.0680,0.0000
0.2157,0.1470,0.0000,0.2059,0.1863,0.1765,0.0686,0.0000
0.2136,0.1553,0.0000,0.2039,0.1845,0.1747,0.0680,0.0000
0.2157,0.1568,0.0000,0.2059,0.1863,0.1667,0.0686,0.0000
0.2136,0.1650,0.0000,0.2039,0.1845,0.1650,0.0680,0.0000
0.2179,0.1683,0.0000,0.2079,0.1782,0.1584,0.0693,0.0000
0.2179,0.1782,0.0000,0.1980,0.1782,0.1584,0.0693,0.0000
0.2080,0.1782,0.0000,0.1980,0.1782,0.1683,0.0693,0.0000
